20
1 1 1 1 100
1 1 1 1 1
1 1 1 1 1
2 1 1 1 1
1 1 1 1 1
2 1 1 1 1
1 1 1 1 1
1 1 1 1 1
2 1 1 1 1
1 1 1 1 1
1 1 1 1 1
1 1 1 1 1
1 1 1 1 1
2 1 1 1 1
1 1 1 1 1
2 1 1 1 1
2 1 1 1 1
1 1 1 1 1
2 1 1 1 1
1 1 1 1 1
2 1 1 1 1
2 1 1 1 1
2 1 1 1 1
1 1 1 1 1
2 1 1 1 1
1 1 1 1 1
2 1 1 1 1
2 1 1 1 1
1 1 1 1 1
1 1 1 1 1
2 1 1 1 1
2 1 1 1 1
1 1 1 1 1
2 1 1 1 1
2 1 1 1 1
1 1 1 1 1
1 1 1 1 1
1 1 1 1 1
1 1 1 1 1
1 1 1 1 1
1 1 1 1 1
1 1 1 1 1
1 1 1 1 1
2 1 1 1 1
2 1 1 1 1
1 1 1 1 1
1 1 1 1 1
2 1 1 1 1
1 1 1 1 1
2 1 1 1 1
1 1 1 1 1
2 1 1 1 1
2 1 1 1 1
1 1 1 1 1
1 1 1 1 1
1 1 1 1 1
2 1 1 1 1
2 1 1 1 1
1 1 1 1 1
2 1 1 1 1
1 1 1 1 1
1 1 1 1 1
1 1 1 1 1
2 1 1 1 1
2 1 1 1 1
1 1 1 1 1
1 1 1 1 1
1 1 1 1 1
1 1 1 1 1
2 1 1 1 1
1 1 1 1 1
1 1 1 1 1
2 1 1 1 1
1 1 1 1 1
2 1 1 1 1
2 1 1 1 1
1 1 1 1 1
1 1 1 1 1
2 1 1 1 1
1 1 1 1 1
2 1 1 1 1
2 1 1 1 1
2 1 1 1 1
2 1 1 1 1
2 1 1 1 1
2 1 1 1 1
1 1 1 1 1
1 1 1 1 1
1 1 1 1 1
2 1 1 1 1
1 1 1 1 1
1 1 1 1 1
2 1 1 1 1
1 1 1 1 1
2 1 1 1 1
1 1 1 1 1
2 1 1 1 1
1 1 1 1 1
2 1 1 1 1
1 1 1 1 1
1 1 1 1 1
1 2 1 2 100
1 1 1 1 1
2 1 2 1 2
2 1 2 1 2
2 1 1 1 1
1 1 1 1 2
1 1 1 1 1
2 1 2 1 2
2 1 1 1 2
2 1 2 1 2
2 1 1 1 2
2 1 1 1 1
1 1 1 1 2
1 1 1 1 2
1 1 1 1 1
1 1 1 1 2
1 1 1 1 2
1 1 1 1 2
1 1 1 1 2
2 1 1 1 2
1 1 1 1 1
1 1 1 1 2
1 1 2 1 2
2 1 1 1 1
2 1 1 1 2
1 1 2 1 2
2 1 1 1 2
1 1 1 1 2
2 1 1 1 2
1 1 1 1 2
1 1 1 1 1
2 1 2 1 2
2 1 1 1 2
2 1 1 1 2
1 1 2 1 2
2 1 1 1 2
1 1 2 1 2
1 1 2 1 2
1 1 1 1 1
1 1 1 1 2
1 1 2 1 2
1 1 1 1 2
1 1 1 1 1
1 1 1 1 2
1 1 1 1 2
1 1 1 1 1
1 1 1 1 2
2 1 1 1 2
2 1 2 1 2
1 1 1 1 2
1 1 2 1 2
1 1 1 1 2
2 1 1 1 2
1 1 2 1 2
2 1 2 1 2
1 1 2 1 2
1 1 2 1 2
2 1 1 1 2
2 1 1 1 2
2 1 2 1 2
1 1 1 1 2
2 1 1 1 1
1 1 1 1 2
2 1 1 1 2
2 1 2 1 2
1 1 2 1 2
1 1 1 1 2
1 1 1 1 1
1 1 2 1 2
1 1 1 1 2
2 1 1 1 2
2 1 1 1 1
1 1 2 1 2
1 1 1 1 1
1 1 1 1 1
2 1 1 1 2
1 1 1 1 2
2 1 1 1 1
1 1 1 1 1
2 1 1 1 2
2 1 1 1 2
2 1 1 1 2
1 1 1 1 2
2 1 1 1 2
2 1 1 1 2
1 1 2 1 2
2 1 2 1 2
2 1 1 1 1
1 1 1 1 1
1 1 1 1 1
1 1 1 1 2
1 1 1 1 2
1 1 1 1 2
1 1 1 1 2
2 1 1 1 2
2 1 1 1 1
1 1 1 1 2
2 1 1 1 2
1 1 1 1 1
1 1 1 1 2
1 1 2 1 2
1 3 1 1 100
1 1 1 1 1
1 1 3 1 3
1 1 1 1 2
2 1 2 1 3
2 1 3 1 3
1 1 2 1 3
1 1 3 1 3
2 1 2 1 3
2 1 2 1 3
2 1 1 1 2
2 1 1 1 3
2 1 1 1 3
2 1 2 1 2
1 1 1 1 3
2 1 1 1 2
2 1 1 1 3
2 1 1 1 3
2 1 1 1 2
2 1 1 1 2
2 1 2 1 2
2 1 1 1 1
2 1 1 1 1
2 1 2 1 3
2 1 2 1 3
2 1 3 1 3
1 1 2 1 2
1 1 2 1 3
2 1 3 1 3
2 1 1 1 2
2 1 3 1 3
1 1 1 1 2
2 1 1 1 1
1 1 1 1 1
1 1 2 1 2
1 1 1 1 2
2 1 1 1 3
1 1 1 1 3
1 1 1 1 2
2 1 1 1 2
2 1 3 1 3
1 1 1 1 1
1 1 1 1 3
1 1 2 1 2
1 1 1 1 1
1 1 2 1 3
1 1 1 1 3
2 1 1 1 3
1 1 2 1 2
1 1 1 1 2
1 1 1 1 2
2 1 1 1 3
2 1 1 1 3
1 1 1 1 2
1 1 2 1 2
1 1 1 1 3
1 1 1 1 3
2 1 2 1 3
2 1 3 1 3
2 1 2 1 3
1 1 1 1 3
1 1 2 1 3
1 1 1 1 2
1 1 2 1 2
2 1 2 1 3
1 1 2 1 3
2 1 1 1 3
2 1 1 1 2
1 1 2 1 3
2 1 2 1 3
2 1 3 1 3
1 1 1 1 2
1 1 2 1 3
2 1 3 1 3
2 1 1 1 1
1 1 3 1 3
1 1 3 1 3
2 1 1 1 2
1 1 1 1 2
1 1 1 1 3
1 1 1 1 2
1 1 2 1 3
1 1 2 1 2
1 1 1 1 3
2 1 2 1 3
1 1 3 1 3
1 1 3 1 3
1 1 1 1 1
1 1 1 1 2
2 1 1 1 2
1 1 3 1 3
2 1 1 1 1
1 1 2 1 3
1 1 1 1 2
1 1 1 1 1
2 1 2 1 3
1 1 2 1 3
1 1 2 1 3
1 1 1 1 2
1 1 1 1 2
2 1 2 1 2
1 4 1 3 100
2 1 3 1 4
1 1 2 1 2
2 1 4 1 4
1 1 1 1 4
2 1 1 1 3
1 1 1 1 3
1 1 3 1 3
2 1 2 1 3
1 1 1 1 4
1 1 1 1 2
2 1 1 1 4
2 1 1 1 3
2 1 4 1 4
2 1 2 1 3
2 1 2 1 4
1 1 1 1 1
1 1 1 1 4
2 1 1 1 4
1 1 2 1 4
2 1 1 1 4
2 1 3 1 3
1 1 2 1 4
1 1 3 1 4
2 1 1 1 4
2 1 1 1 4
2 1 2 1 4
2 1 2 1 4
1 1 1 1 3
1 1 1 1 2
1 1 3 1 4
2 1 1 1 3
2 1 3 1 4
2 1 3 1 4
2 1 1 1 2
2 1 3 1 3
2 1 2 1 3
2 1 1 1 4
1 1 1 1 4
1 1 3 1 4
2 1 2 1 2
2 1 1 1 3
1 1 3 1 4
1 1 2 1 3
2 1 3 1 4
1 1 2 1 3
1 1 3 1 4
2 1 1 1 3
1 1 1 1 3
1 1 4 1 4
1 1 2 1 4
2 1 1 1 4
1 1 1 1 3
1 1 3 1 4
1 1 1 1 3
2 1 1 1 3
2 1 2 1 4
1 1 1 1 3
2 1 1 1 4
2 1 1 1 2
2 1 3 1 3
2 1 3 1 4
1 1 3 1 4
1 1 3 1 4
1 1 2 1 2
2 1 2 1 4
2 1 2 1 3
2 1 1 1 4
1 1 1 1 1
2 1 2 1 4
2 1 1 1 4
2 1 4 1 4
1 1 1 1 2
2 1 1 1 3
1 1 1 1 2
1 1 1 1 2
2 1 1 1 3
1 1 1 1 1
1 1 4 1 4
1 1 3 1 4
1 1 3 1 4
2 1 2 1 2
2 1 1 1 2
2 1 1 1 4
1 1 2 1 4
1 1 1 1 3
1 1 3 1 4
1 1 2 1 3
2 1 1 1 3
1 1 1 1 3
2 1 3 1 4
2 1 2 1 3
2 1 4 1 4
2 1 1 1 3
2 1 1 1 3
2 1 1 1 2
1 1 2 1 2
1 1 3 1 4
1 1 1 1 4
2 1 3 1 3
2 1 1 1 2
1 5 1 3 100
1 1 2 1 4
1 1 1 1 3
1 1 2 1 5
1 1 1 1 4
1 1 2 1 5
2 1 3 1 5
1 1 1 1 5
2 1 3 1 3
1 1 1 1 2
1 1 1 1 1
1 1 1 1 5
1 1 1 1 1
2 1 1 1 5
1 1 1 1 1
2 1 1 1 2
1 1 1 1 5
1 1 2 1 3
1 1 2 1 3
1 1 3 1 4
2 1 2 1 3
2 1 2 1 4
1 1 4 1 5
1 1 2 1 4
1 1 3 1 4
1 1 4 1 4
1 1 2 1 2
2 1 2 1 3
1 1 4 1 4
2 1 4 1 5
2 1 2 1 4
1 1 2 1 3
1 1 3 1 4
1 1 1 1 2
2 1 1 1 5
1 1 3 1 3
2 1 4 1 5
1 1 4 1 5
2 1 1 1 5
1 1 1 1 4
2 1 2 1 3
2 1 1 1 4
1 1 1 1 5
2 1 3 1 3
1 1 1 1 1
1 1 4 1 4
2 1 4 1 5
1 1 2 1 4
1 1 1 1 1
2 1 2 1 3
1 1 1 1 4
1 1 1 1 3
2 1 3 1 4
1 1 1 1 5
2 1 4 1 5
1 1 1 1 1
2 1 2 1 2
2 1 3 1 4
1 1 5 1 5
1 1 3 1 5
2 1 3 1 4
2 1 1 1 5
1 1 1 1 2
2 1 1 1 5
1 1 1 1 5
2 1 3 1 5
1 1 2 1 4
2 1 3 1 4
2 1 5 1 5
1 1 1 1 3
2 1 2 1 3
1 1 5 1 5
1 1 2 1 4
1 1 5 1 5
2 1 2 1 4
2 1 4 1 5
2 1 1 1 5
1 1 1 1 5
1 1 1 1 5
2 1 2 1 3
1 1 1 1 3
1 1 2 1 4
1 1 5 1 5
1 1 3 1 4
2 1 4 1 5
1 1 1 1 4
2 1 1 1 4
2 1 3 1 5
2 1 3 1 5
2 1 5 1 5
1 1 2 1 3
1 1 1 1 2
2 1 5 1 5
2 1 2 1 2
2 1 3 1 5
2 1 1 1 5
2 1 3 1 4
2 1 1 1 1
1 1 1 1 3
1 1 1 1 3
1 1 3 1 4
1 6 1 4 100
2 1 1 1 1
1 1 1 1 4
1 1 1 1 4
1 1 2 1 4
1 1 4 1 5
2 1 2 1 6
2 1 2 1 5
1 1 1 1 2
2 1 2 1 3
1 1 2 1 6
2 1 3 1 3
2 1 3 1 4
2 1 5 1 6
2 1 2 1 3
2 1 1 1 1
1 1 2 1 6
1 1 4 1 6
1 1 1 1 3
1 1 4 1 4
1 1 1 1 5
2 1 1 1 4
1 1 5 1 6
1 1 6 1 6
2 1 1 1 4
2 1 3 1 5
2 1 1 1 3
2 1 1 1 3
2 1 2 1 4
1 1 4 1 5
2 1 1 1 2
2 1 2 1 3
2 1 2 1 4
2 1 4 1 5
1 1 2 1 2
1 1 1 1 6
2 1 1 1 4
2 1 3 1 4
1 1 1 1 6
1 1 3 1 5
1 1 2 1 6
1 1 3 1 6
1 1 2 1 3
2 1 3 1 6
2 1 6 1 6
1 1 3 1 6
2 1 1 1 2
1 1 1 1 2
1 1 3 1 6
2 1 3 1 6
2 1 4 1 6
1 1 2 1 2
1 1 1 1 3
2 1 2 1 3
2 1 4 1 6
2 1 6 1 6
2 1 5 1 6
2 1 4 1 6
1 1 5 1 6
1 1 1 1 4
2 1 2 1 4
2 1 4 1 6
1 1 2 1 5
2 1 5 1 6
1 1 4 1 4
2 1 1 1 2
1 1 1 1 4
2 1 5 1 5
1 1 4 1 6
1 1 5 1 5
1 1 1 1 2
2 1 4 1 5
2 1 1 1 6
2 1 6 1 6
2 1 4 1 6
1 1 2 1 6
1 1 5 1 6
2 1 4 1 6
1 1 5 1 6
1 1 2 1 6
1 1 4 1 5
2 1 5 1 5
1 1 1 1 4
1 1 1 1 4
1 1 4 1 6
1 1 4 1 5
2 1 2 1 3
2 1 2 1 2
2 1 3 1 5
1 1 3 1 5
2 1 4 1 4
2 1 1 1 3
2 1 1 1 1
2 1 4 1 6
1 1 3 1 6
2 1 5 1 5
1 1 3 1 5
2 1 3 1 3
2 1 2 1 4
2 1 5 1 6
1 1 6 1 6
1 7 1 3 100
2 1 1 1 3
2 1 3 1 4
2 1 5 1 7
2 1 1 1 2
2 1 4 1 7
1 1 3 1 5
2 1 1 1 7
2 1 7 1 7
1 1 1 1 5
1 1 4 1 6
1 1 4 1 5
2 1 1 1 6
2 1 5 1 7
1 1 6 1 6
2 1 4 1 7
1 1 3 1 4
2 1 1 1 4
2 1 5 1 6
1 1 6 1 7
1 1 3 1 4
2 1 5 1 7
1 1 2 1 6
1 1 1 1 5
1 1 1 1 1
2 1 5 1 7
2 1 1 1 5
1 1 3 1 7
1 1 4 1 4
1 1 4 1 5
1 1 1 1 4
1 1 1 1 3
2 1 2 1 2
2 1 3 1 5
1 1 3 1 5
2 1 2 1 7
1 1 5 1 6
2 1 3 1 7
2 1 1 1 7
2 1 4 1 6
1 1 6 1 6
2 1 3 1 3
1 1 4 1 6
2 1 5 1 5
2 1 3 1 6
1 1 2 1 4
1 1 1 1 4
1 1 1 1 4
1 1 1 1 7
1 1 2 1 2
1 1 1 1 5
2 1 1 1 3
2 1 4 1 6
1 1 1 1 7
2 1 6 1 6
1 1 2 1 6
2 1 1 1 6
1 1 3 1 5
1 1 2 1 4
1 1 5 1 5
2 1 3 1 4
1 1 3 1 6
1 1 1 1 5
2 1 3 1 3
2 1 4 1 5
2 1 2 1 5
1 1 2 1 7
1 1 1 1 2
1 1 1 1 2
1 1 5 1 6
1 1 2 1 4
2 1 1 1 3
1 1 6 1 7
1 1 1 1 5
1 1 1 1 2
1 1 4 1 7
1 1 2 1 4
2 1 7 1 7
2 1 1 1 5
2 1 3 1 5
1 1 1 1 5
1 1 2 1 6
1 1 1 1 5
2 1 4 1 6
1 1 1 1 3
2 1 2 1 5
1 1 6 1 6
2 1 3 1 7
1 1 3 1 4
1 1 2 1 7
1 1 6 1 6
2 1 4 1 4
1 1 2 1 3
1 1 4 1 4
1 1 4 1 6
2 1 4 1 6
2 1 1 1 5
2 1 3 1 6
1 1 2 1 3
2 1 6 1 7
2 1 3 1 3
1 8 1 1 100
1 1 7 1 7
2 1 5 1 5
2 1 1 1 7
1 1 6 1 8
1 1 4 1 7
2 1 5 1 8
2 1 2 1 5
1 1 2 1 5
1 1 1 1 6
2 1 2 1 3
2 1 3 1 3
2 1 1 1 6
1 1 2 1 3
1 1 2 1 8
1 1 4 1 4
2 1 2 1 2
2 1 3 1 6
1 1 6 1 7
2 1 1 1 6
2 1 5 1 7
1 1 4 1 8
1 1 2 1 4
2 1 3 1 5
1 1 1 1 8
1 1 6 1 7
1 1 2 1 8
1 1 1 1 3
1 1 1 1 3
2 1 3 1 7
2 1 7 1 8
1 1 1 1 8
2 1 8 1 8
1 1 2 1 2
1 1 2 1 5
2 1 3 1 6
1 1 1 1 3
2 1 1 1 1
1 1 1 1 3
2 1 2 1 4
2 1 3 1 8
1 1 1 1 1
1 1 2 1 6
1 1 6 1 7
2 1 1 1 3
1 1 5 1 8
2 1 4 1 6
1 1 8 1 8
2 1 1 1 2
1 1 4 1 5
1 1 1 1 3
1 1 6 1 6
2 1 2 1 5
2 1 6 1 7
2 1 3 1 5
2 1 4 1 6
2 1 5 1 7
1 1 3 1 6
1 1 3 1 4
2 1 4 1 4
1 1 1 1 6
2 1 4 1 8
2 1 2 1 7
2 1 6 1 8
2 1 6 1 8
2 1 5 1 7
2 1 1 1 1
2 1 1 1 8
2 1 5 1 8
1 1 4 1 8
1 1 2 1 7
1 1 1 1 4
1 1 6 1 6
1 1 3 1 4
1 1 3 1 4
2 1 4 1 8
1 1 2 1 3
2 1 2 1 4
2 1 3 1 3
1 1 1 1 1
1 1 1 1 5
1 1 3 1 5
2 1 3 1 6
1 1 1 1 8
2 1 3 1 4
2 1 5 1 8
2 1 7 1 7
2 1 1 1 5
1 1 4 1 6
1 1 1 1 4
1 1 2 1 7
2 1 3 1 8
2 1 6 1 8
1 1 1 1 3
2 1 2 1 7
1 1 4 1 8
2 1 1 1 7
2 1 6 1 7
2 1 1 1 8
2 1 1 1 2
1 1 5 1 6
1 9 1 7 100
2 1 5 1 6
2 1 1 1 9
1 1 8 1 8
1 1 7 1 8
2 1 3 1 5
1 1 4 1 4
1 1 1 1 8
2 1 1 1 8
1 1 2 1 5
1 1 3 1 8
1 1 6 1 9
1 1 1 1 5
1 1 4 1 8
2 1 3 1 7
2 1 5 1 9
1 1 5 1 8
1 1 4 1 6
1 1 8 1 8
1 1 3 1 7
2 1 4 1 6
2 1 1 1 6
2 1 3 1 4
1 1 6 1 7
1 1 7 1 9
1 1 4 1 5
2 1 4 1 8
2 1 2 1 3
2 1 1 1 6
2 1 6 1 9
1 1 1 1 5
2 1 6 1 7
1 1 7 1 8
2 1 5 1 9
1 1 1 1 2
1 1 1 1 9
2 1 2 1 6
2 1 4 1 5
1 1 1 1 6
2 1 5 1 6
1 1 5 1 8
1 1 3 1 9
2 1 2 1 9
2 1 6 1 7
2 1 3 1 8
2 1 1 1 9
1 1 1 1 7
2 1 6 1 7
1 1 3 1 9
2 1 2 1 6
1 1 4 1 7
1 1 5 1 7
2 1 2 1 3
1 1 5 1 6
2 1 3 1 7
2 1 5 1 7
2 1 2 1 3
2 1 1 1 3
2 1 2 1 5
2 1 6 1 8
1 1 1 1 3
1 1 5 1 8
2 1 1 1 9
1 1 1 1 3
1 1 5 1 8
2 1 3 1 5
1 1 1 1 6
1 1 3 1 9
1 1 3 1 6
2 1 2 1 4
2 1 4 1 4
1 1 4 1 6
2 1 4 1 7
2 1 1 1 4
1 1 2 1 7
1 1 5 1 5
2 1 6 1 7
1 1 2 1 5
2 1 2 1 2
2 1 2 1 9
2 1 4 1 8
1 1 2 1 6
2 1 4 1 9
1 1 1 1 4
1 1 1 1 4
1 1 2 1 3
2 1 5 1 7
2 1 3 1 7
2 1 6 1 7
1 1 7 1 7
1 1 2 1 6
1 1 2 1 9
1 1 1 1 5
1 1 3 1 5
2 1 3 1 7
1 1 5 1 7
1 1 7 1 7
2 1 2 1 7
1 1 8 1 8
1 1 6 1 9
1 1 7 1 7
2 1 1 1 100
2 1 1 2 1
2 1 1 2 1
2 2 1 2 1
1 2 1 2 1
1 1 1 1 1
2 1 1 1 1
2 1 1 2 1
2 1 1 2 1
1 1 1 1 1
2 1 1 2 1
1 1 1 2 1
1 1 1 2 1
2 1 1 2 1
1 1 1 2 1
2 1 1 2 1
1 1 1 2 1
1 1 1 2 1
2 2 1 2 1
2 2 1 2 1
2 1 1 2 1
1 1 1 2 1
1 1 1 2 1
2 1 1 2 1
1 1 1 1 1
1 1 1 2 1
2 2 1 2 1
1 1 1 2 1
2 1 1 2 1
1 1 1 2 1
2 2 1 2 1
1 1 1 1 1
2 2 1 2 1
1 1 1 2 1
2 1 1 2 1
2 1 1 1 1
2 1 1 1 1
2 1 1 2 1
2 1 1 2 1
2 2 1 2 1
2 1 1 2 1
2 2 1 2 1
2 1 1 1 1
1 1 1 1 1
1 1 1 2 1
2 1 1 1 1
2 1 1 1 1
1 2 1 2 1
1 1 1 2 1
1 1 1 2 1
2 1 1 2 1
2 1 1 2 1
2 1 1 2 1
2 2 1 2 1
1 2 1 2 1
1 1 1 2 1
2 1 1 2 1
2 1 1 1 1
2 2 1 2 1
1 1 1 2 1
2 1 1 2 1
1 1 1 2 1
1 2 1 2 1
2 1 1 1 1
1 1 1 2 1
1 2 1 2 1
2 1 1 1 1
1 1 1 1 1
2 1 1 2 1
1 1 1 2 1
2 1 1 2 1
2 1 1 1 1
1 2 1 2 1
1 1 1 2 1
2 1 1 2 1
2 1 1 2 1
1 1 1 2 1
2 1 1 2 1
2 1 1 2 1
2 1 1 2 1
1 1 1 2 1
1 2 1 2 1
1 1 1 1 1
2 1 1 2 1
1 2 1 2 1
1 2 1 2 1
1 1 1 1 1
1 1 1 2 1
1 1 1 1 1
1 2 1 2 1
2 1 1 1 1
1 1 1 2 1
1 1 1 1 1
2 1 1 2 1
2 2 1 2 1
2 1 1 1 1
1 2 1 2 1
2 1 1 2 1
2 2 1 2 1
2 1 1 2 1
2 1 1 2 1
2 3 2 1 100
2 1 1 2 2
1 1 2 2 2
1 2 2 2 2
1 1 1 2 3
1 1 1 2 1
2 1 2 2 3
2 2 2 2 3
2 1 1 2 2
2 1 1 2 2
2 1 1 2 2
1 1 1 2 3
2 1 2 2 2
2 1 1 1 3
1 1 2 1 2
1 2 1 2 2
1 1 1 2 2
1 1 2 2 3
1 1 2 1 2
2 1 2 1 3
1 2 1 2 3
1 1 2 2 3
1 1 2 2 3
1 1 1 2 3
1 1 1 2 1
2 1 2 2 3
1 2 2 2 3
2 2 1 2 1
2 1 1 2 2
2 2 1 2 3
2 1 1 2 1
2 1 2 1 3
2 2 2 2 3
2 1 1 2 3
2 2 2 2 3
2 2 2 2 3
2 1 1 2 3
1 1 2 2 3
1 2 2 2 3
2 2 1 2 1
1 1 1 2 1
2 2 1 2 2
2 1 3 2 3
1 1 2 2 3
2 1 2 1 3
1 1 3 2 3
1 1 1 1 2
1 1 3 2 3
2 1 2 1 3
2 1 1 1 3
2 1 1 2 1
1 2 1 2 1
1 1 2 2 3
1 2 1 2 3
1 1 3 1 3
2 1 1 2 2
1 1 1 1 1
1 1 1 1 1
1 1 2 2 3
1 2 2 2 3
1 1 1 1 1
1 2 1 2 2
2 1 1 2 1
2 1 2 2 3
2 2 1 2 3
1 1 1 2 3
1 1 1 2 3
2 1 2 1 3
1 1 1 2 3
1 1 1 2 2
2 1 1 2 1
1 1 2 2 3
2 1 1 1 2
2 1 2 2 2
1 1 1 1 1
1 2 3 2 3
2 1 1 2 2
2 1 1 1 1
1 2 2 2 3
1 1 2 1 2
2 1 2 2 3
1 1 1 1 3
1 1 1 2 2
2 1 1 2 3
2 1 3 2 3
2 1 1 1 3
2 1 1 2 2
2 2 1 2 2
2 2 3 2 3
1 1 1 1 3
1 2 1 2 2
1 1 2 2 3
2 1 1 1 2
2 1 3 2 3
1 1 1 1 3
1 1 1 1 3
2 2 1 2 3
1 1 1 2 3
1 2 1 2 2
1 1 1 2 2
1 2 2 2 2
2 5 1 2 100
2 2 1 2 2
2 2 4 2 5
1 1 1 2 4
1 1 2 2 2
1 1 1 2 4
2 1 4 2 4
1 2 1 2 4
1 1 3 2 4
2 1 1 2 3
1 1 3 2 4
2 1 2 2 5
1 1 4 2 4
1 1 1 2 2
1 2 3 2 3
2 1 2 2 5
1 1 1 1 3
1 2 1 2 1
2 1 3 2 5
2 1 2 2 3
2 1 1 1 5
1 1 3 1 5
2 1 4 1 5
1 2 3 2 3
2 1 2 1 5
1 1 4 1 5
2 1 2 1 3
2 2 5 2 5
2 1 2 2 4
2 1 1 2 4
2 1 4 2 4
2 1 1 2 5
2 2 2 2 5
2 1 3 1 4
2 2 2 2 5
1 2 4 2 4
1 2 1 2 2
1 1 1 2 5
1 2 1 2 4
1 1 4 1 5
2 1 3 2 4
2 1 4 2 4
2 1 2 2 2
1 1 3 1 4
1 1 3 2 4
1 1 4 2 4
2 2 2 2 3
2 1 3 1 4
1 1 1 1 3
2 1 1 1 5
1 1 5 1 5
1 1 1 1 3
2 1 1 2 2
2 1 3 2 5
2 1 1 2 4
2 1 3 2 5
2 1 2 2 2
2 2 2 2 3
2 1 2 2 2
1 1 4 2 4
1 1 3 2 5
1 1 3 2 5
1 1 4 1 5
1 2 2 2 5
2 2 2 2 5
2 1 2 2 3
2 1 1 2 5
1 1 1 2 2
2 2 2 2 4
1 1 3 2 3
2 2 1 2 5
2 1 4 2 4
1 1 2 1 4
2 2 4 2 5
1 2 3 2 4
2 2 1 2 5
2 2 4 2 4
2 1 3 1 5
2 1 2 2 4
1 1 1 2 4
1 2 2 2 5
1 1 1 2 4
2 1 2 2 3
2 1 1 2 4
2 1 1 2 4
1 2 2 2 5
1 2 1 2 1
1 1 1 2 4
1 1 1 1 5
2 1 1 1 3
1 1 1 1 4
1 2 2 2 2
2 1 1 2 3
1 2 2 2 5
2 2 4 2 5
2 1 4 1 5
1 2 2 2 4
1 1 2 1 2
2 2 1 2 3
2 1 2 2 4
2 2 3 2 5
2 7 2 1 196
2 1 4 2 5
1 2 1 2 3
2 1 1 1 5
1 2 2 2 7
2 1 2 2 3
2 1 7 2 7
2 1 1 2 1
1 1 5 2 5
2 1 1 2 5
2 1 1 2 5
2 1 5 2 7
2 1 1 2 2
2 1 4 2 7
1 1 3 1 6
2 1 7 2 7
1 1 1 2 4
1 1 6 1 7
1 2 5 2 6
2 1 1 1 5
2 1 5 2 6
1 1 1 1 4
1 1 2 1 5
1 1 1 2 2
1 1 2 1 7
2 1 4 2 5
1 1 2 2 5
2 2 4 2 7
1 2 4 2 6
2 1 1 2 1
2 1 1 1 6
2 1 4 1 7
2 1 5 2 5
1 1 1 2 3
2 1 1 2 2
1 2 2 2 4
1 2 5 2 6
2 1 3 2 6
2 2 3 2 6
2 1 5 2 6
2 1 1 2 6
2 1 2 2 5
1 1 4 1 7
1 1 1 2 3
2 1 2 2 5
1 1 2 1 7
1 1 4 2 7
1 1 5 1 5
2 1 3 2 6
2 1 1 2 7
1 2 3 2 7
1 1 7 2 7
1 1 2 1 6
2 1 1 2 1
1 1 4 1 5
1 2 2 2 6
1 1 2 2 4
2 2 1 2 3
1 2 2 2 5
1 1 3 1 4
1 1 2 2 7
1 1 3 2 4
2 1 2 1 5
1 2 1 2 1
1 2 3 2 6
2 1 3 2 4
2 1 1 2 2
1 2 4 2 7
2 1 1 2 6
2 1 1 2 5
2 2 2 2 6
2 1 1 1 7
1 2 4 2 4
1 1 4 1 6
2 1 3 2 6
2 1 3 2 4
2 1 1 1 5
2 1 1 2 5
2 1 2 2 7
2 1 2 2 7
2 1 6 2 6
1 1 3 1 3
2 1 3 2 7
2 1 1 1 5
1 1 1 2 2
1 2 2 2 5
2 2 1 2 2
2 2 2 2 4
2 1 2 2 7
1 1 1 1 6
2 2 3 2 7
2 1 2 2 3
1 1 2 2 3
1 2 1 2 2
2 1 2 2 6
1 1 7 1 7
2 1 1 1 5
1 1 7 2 7
1 2 4 2 7
2 1 1 2 3
1 2 2 2 5
2 1 4 2 7
2 2 2 2 3
1 1 1 2 3
2 1 2 1 2
2 1 6 1 6
1 1 6 2 7
2 1 1 2 7
2 1 2 1 5
2 1 1 1 7
2 1 2 1 7
2 2 2 2 5
1 2 2 2 6
2 1 4 2 6
2 2 3 2 3
1 2 3 2 4
2 2 1 2 6
2 1 4 1 4
1 2 2 2 2
1 1 4 2 5
2 1 4 1 6
1 1 3 2 5
1 1 7 1 7
1 2 1 2 6
1 2 1 2 5
1 1 2 1 3
1 2 4 2 5
1 2 5 2 6
1 2 2 2 7
2 1 5 2 7
2 1 1 2 2
1 1 1 2 6
1 2 1 2 7
2 1 1 2 4
2 1 3 2 4
2 2 2 2 6
1 1 1 1 2
2 1 2 2 2
2 2 2 2 6
1 1 1 1 3
1 1 2 2 6
1 1 2 2 4
2 2 1 2 6
1 1 1 1 5
1 1 2 2 3
1 2 1 2 6
1 1 2 2 5
1 1 1 2 3
1 1 1 1 3
1 2 4 2 7
1 1 2 1 4
1 1 1 2 4
2 1 2 2 7
2 1 3 2 7
2 1 6 1 7
2 1 4 1 5
1 1 3 2 6
1 1 3 2 5
1 2 2 2 5
2 1 3 2 7
2 1 2 2 7
2 2 4 2 4
2 1 4 1 7
2 1 2 2 5
2 1 5 1 6
2 2 2 2 3
2 1 2 1 5
1 1 6 1 7
2 2 2 2 4
1 1 2 2 6
1 2 3 2 6
2 2 5 2 7
2 1 2 1 4
1 1 2 2 6
1 1 2 2 7
1 1 3 2 7
1 1 4 2 7
2 1 3 2 6
1 1 4 2 6
2 2 1 2 3
2 2 4 2 4
1 2 3 2 4
2 2 4 2 5
2 2 3 2 7
1 2 2 2 3
1 1 2 2 5
1 1 1 2 7
2 1 4 1 7
2 1 1 2 6
1 1 1 1 6
1 1 6 2 6
2 1 6 1 6
2 1 6 2 7
2 1 5 1 5
1 1 6 1 7
1 1 2 2 6
2 1 1 1 5
2 9 1 9 324
2 1 6 2 7
1 1 1 1 4
1 1 4 1 5
1 1 3 2 6
1 1 4 1 9
1 2 6 2 8
1 1 2 2 9
1 1 6 2 7
1 2 6 2 8
1 1 1 1 9
1 1 1 2 5
2 1 2 2 4
2 1 3 1 4
2 2 5 2 6
2 1 2 2 4
2 2 8 2 9
2 2 1 2 3
1 1 3 1 3
2 2 3 2 7
2 1 4 2 9
2 1 3 2 9
2 2 2 2 7
1 2 5 2 7
2 2 3 2 6
2 1 4 1 8
1 1 6 2 7
2 1 4 1 9
2 1 4 2 9
1 1 2 1 8
2 1 5 1 7
2 1 3 2 7
1 1 2 1 5
1 2 2 2 8
1 1 2 1 8
1 2 5 2 9
2 2 8 2 9
1 2 5 2 8
1 1 1 2 3
1 1 1 2 3
2 1 2 2 4
1 1 2 2 7
2 1 5 1 6
1 2 2 2 2
1 2 6 2 7
1 1 5 2 8
1 1 3 2 5
1 1 5 1 9
2 1 1 1 6
1 2 3 2 3
1 1 7 1 9
2 1 1 2 7
1 1 2 1 7
2 1 7 2 8
1 1 5 2 6
2 2 3 2 8
1 1 3 1 9
2 2 1 2 2
1 1 3 2 4
2 1 5 1 6
1 1 5 2 6
2 1 4 2 4
2 1 7 2 8
1 1 6 2 9
1 1 1 1 8
2 2 4 2 6
2 1 1 1 7
2 1 4 2 7
2 1 2 1 4
1 2 3 2 4
2 1 3 1 3
1 1 3 2 8
1 1 6 1 7
1 1 2 2 7
2 1 3 1 7
2 2 2 2 8
2 1 2 2 3
2 1 9 1 9
1 1 2 2 4
1 1 2 2 7
2 1 7 1 7
2 2 2 2 9
1 1 4 2 7
2 1 2 2 8
1 2 3 2 7
1 1 1 2 5
1 2 3 2 9
2 1 3 2 8
1 2 5 2 9
2 1 3 1 9
1 2 4 2 8
2 2 6 2 7
2 1 5 2 5
2 1 1 1 3
1 2 2 2 4
1 1 5 1 7
2 1 4 2 6
2 1 4 1 7
2 2 6 2 8
2 1 1 1 9
1 1 4 2 8
2 1 3 1 9
2 1 4 1 8
1 1 5 2 7
1 2 1 2 1
1 1 8 2 9
2 1 3 1 5
2 1 2 2 7
1 1 2 2 4
1 1 1 1 4
1 1 7 2 9
1 2 5 2 8
1 1 2 2 2
1 1 6 2 9
1 1 8 1 8
2 2 4 2 7
1 1 4 2 5
2 1 3 1 5
2 1 3 2 9
2 1 9 2 9
1 2 7 2 9
2 2 1 2 4
2 1 3 1 9
2 1 3 2 7
2 1 3 2 6
2 1 3 2 4
2 2 6 2 7
2 2 8 2 8
1 2 1 2 6
1 2 6 2 8
2 1 3 2 4
2 1 8 1 8
2 1 1 1 9
2 2 7 2 8
2 2 2 2 2
2 1 2 2 8
2 1 1 2 8
2 1 6 1 7
1 1 1 1 5
2 1 2 2 4
2 2 2 2 3
1 1 7 2 7
2 2 4 2 9
2 1 3 1 3
2 2 1 2 9
2 1 1 1 9
1 2 5 2 9
2 1 4 2 5
2 1 2 2 9
2 1 1 2 4
2 1 3 1 9
2 1 3 2 7
1 1 7 1 7
2 1 5 1 5
1 2 5 2 6
1 1 1 1 7
2 1 4 2 9
2 1 2 1 4
1 1 7 1 8
1 2 3 2 4
1 2 7 2 8
2 1 5 1 9
2 1 4 2 6
1 1 2 2 7
1 1 6 2 9
2 1 6 2 6
1 1 1 1 6
2 1 7 2 7
2 2 3 2 9
1 2 2 2 4
1 1 2 2 3
2 2 5 2 6
2 2 8 2 9
1 1 2 2 8
2 2 5 2 5
2 1 6 1 8
1 2 2 2 8
2 1 7 2 8
1 1 2 2 3
2 1 1 1 5
2 1 1 1 3
1 2 6 2 7
1 1 8 1 8
2 1 5 2 8
2 2 1 2 6
1 2 2 2 6
2 1 1 1 6
1 1 2 2 7
2 2 4 2 5
2 1 8 1 8
2 1 3 2 5
1 1 2 1 2
2 1 4 2 5
2 2 1 2 4
2 1 4 2 6
1 1 3 2 3
2 1 7 2 8
2 1 1 2 8
1 1 5 1 7
2 2 7 2 7
2 1 1 2 4
2 2 3 2 5
2 1 7 2 9
2 1 1 1 3
1 1 5 2 9
2 1 1 2 6
1 1 1 2 4
1 1 3 2 7
2 1 4 1 9
2 1 2 1 6
1 2 1 2 9
2 2 3 2 8
2 1 5 1 7
1 1 5 2 7
2 1 3 1 9
1 2 3 2 5
2 1 3 1 3
1 1 4 1 8
2 1 2 2 8
1 1 1 2 8
2 2 2 2 6
1 1 6 2 8
2 1 1 2 9
2 2 1 2 7
1 1 1 2 6
1 1 6 2 8
2 1 3 2 4
1 1 4 2 5
2 1 3 1 4
2 1 1 2 4
2 1 6 2 7
1 1 5 2 6
2 1 6 2 8
1 1 4 2 7
2 1 1 1 6
2 1 5 2 5
1 1 2 1 9
1 1 3 2 9
2 1 4 2 8
2 2 4 2 9
2 1 3 2 4
2 1 3 1 3
1 1 2 1 4
1 1 3 2 6
1 2 4 2 5
1 1 2 1 5
2 1 9 2 9
2 2 3 2 9
1 2 5 2 7
1 1 5 2 7
1 2 1 2 2
2 1 3 2 5
1 2 4 2 5
2 1 4 2 7
1 1 3 1 5
2 1 5 2 6
1 1 2 2 6
1 2 7 2 9
2 1 2 1 4
1 1 6 1 6
2 1 5 2 5
2 2 1 2 3
1 1 6 1 8
1 1 4 2 9
2 1 1 2 5
1 1 1 2 8
2 1 6 2 8
2 1 1 2 4
1 1 4 2 7
1 1 5 2 8
2 1 3 2 5
2 1 4 2 7
2 2 1 2 4
2 1 1 2 5
2 1 1 2 2
1 1 4 1 5
1 1 3 1 6
1 1 1 2 2
1 2 4 2 5
2 2 5 2 8
2 1 4 2 5
1 1 7 2 9
1 1 2 1 3
2 1 3 2 7
2 1 3 1 7
1 1 2 2 7
2 1 3 2 4
1 1 2 2 4
2 2 3 2 6
1 1 3 2 5
2 1 5 2 6
1 1 2 2 4
2 2 1 2 7
2 1 1 1 4
1 1 4 1 4
2 1 6 2 9
2 2 2 2 4
1 1 3 2 3
1 2 1 2 6
2 2 1 2 2
2 1 3 1 6
2 1 1 1 8
1 1 5 1 6
1 1 2 2 9
2 1 5 1 9
2 1 7 1 8
1 2 4 2 7
1 1 5 2 9
2 2 2 2 4
2 1 2 2 5
2 1 6 1 7
2 2 7 2 8
2 2 1 2 3
1 1 6 1 8
1 2 4 2 5
1 2 4 2 9
1 1 3 2 5
2 2 5 2 6
2 2 2 2 6
2 2 1 2 9
2 2 1 2 3
1 1 7 2 8
1 2 1 2 6
2 1 4 2 9
2 1 3 1 6
3 1 2 1 100
2 2 1 3 1
2 1 1 1 1
1 3 1 3 1
1 1 1 1 1
1 2 1 3 1
2 2 1 2 1
1 1 1 2 1
1 3 1 3 1
2 1 1 3 1
1 2 1 2 1
1 2 1 3 1
1 2 1 2 1
1 1 1 2 1
1 1 1 2 1
1 1 1 3 1
1 1 1 2 1
2 2 1 3 1
1 1 1 3 1
1 1 1 2 1
1 1 1 1 1
1 1 1 2 1
1 2 1 3 1
1 1 1 2 1
2 1 1 1 1
1 1 1 2 1
2 1 1 2 1
2 3 1 3 1
1 1 1 3 1
1 1 1 2 1
2 1 1 3 1
1 2 1 2 1
1 1 1 1 1
2 2 1 2 1
2 3 1 3 1
1 1 1 3 1
2 3 1 3 1
2 1 1 3 1
2 1 1 1 1
2 1 1 1 1
1 1 1 2 1
2 2 1 3 1
1 1 1 1 1
2 1 1 3 1
1 2 1 3 1
1 1 1 1 1
2 1 1 2 1
1 1 1 3 1
1 1 1 1 1
2 1 1 2 1
2 2 1 3 1
1 1 1 1 1
2 3 1 3 1
2 3 1 3 1
1 2 1 2 1
2 2 1 2 1
2 1 1 3 1
1 1 1 3 1
1 1 1 2 1
1 1 1 2 1
2 3 1 3 1
1 1 1 2 1
1 1 1 3 1
1 1 1 2 1
1 1 1 3 1
1 1 1 1 1
1 2 1 2 1
1 1 1 2 1
2 1 1 2 1
2 1 1 1 1
2 1 1 3 1
1 1 1 3 1
1 3 1 3 1
1 1 1 3 1
2 2 1 3 1
2 2 1 2 1
2 1 1 1 1
1 1 1 2 1
1 2 1 2 1
2 1 1 3 1
2 1 1 3 1
1 1 1 1 1
1 1 1 3 1
2 2 1 3 1
2 1 1 3 1
1 1 1 1 1
2 3 1 3 1
2 1 1 3 1
2 1 1 2 1
1 1 1 3 1
2 1 1 3 1
1 1 1 2 1
1 2 1 3 1
1 1 1 2 1
2 3 1 3 1
2 2 1 3 1
1 2 1 3 1
2 1 1 2 1
1 1 1 3 1
2 2 1 2 1
2 1 1 1 1
3 2 1 2 100
1 1 1 2 2
1 2 1 3 2
2 3 2 3 2
2 2 2 3 2
1 2 2 3 2
1 1 1 2 2
1 1 2 2 2
2 2 1 2 2
2 3 2 3 2
1 1 1 3 1
1 1 1 1 2
2 1 1 2 2
2 1 1 2 2
2 3 2 3 2
2 1 2 1 2
2 1 2 2 2
1 1 1 3 2
1 2 1 2 2
2 2 2 3 2
1 3 1 3 2
1 3 2 3 2
1 2 2 3 2
2 1 2 3 2
1 1 1 2 2
2 1 1 3 1
1 2 1 3 2
2 2 1 2 2
2 2 1 3 2
1 1 2 2 2
2 1 1 1 2
1 2 2 3 2
1 1 1 1 1
1 2 1 3 2
2 1 1 3 2
2 1 1 3 2
2 1 1 2 1
1 1 1 1 1
2 2 1 3 1
2 1 1 2 2
2 1 2 3 2
1 3 2 3 2
2 2 1 3 1
1 2 2 3 2
2 1 1 3 2
1 1 1 1 2
2 1 1 3 2
1 2 2 2 2
1 1 1 2 1
1 1 1 3 2
1 2 1 2 2
2 2 1 2 2
1 1 1 1 2
1 1 1 2 2
2 1 2 2 2
2 1 1 2 2
1 1 1 1 1
1 1 1 2 1
2 1 1 3 1
1 1 2 3 2
1 2 2 2 2
2 1 1 2 2
1 2 1 2 2
1 2 1 2 2
2 2 1 3 2
1 3 1 3 1
2 1 2 3 2
1 1 2 3 2
1 1 2 3 2
1 2 2 2 2
1 3 2 3 2
2 3 1 3 2
2 2 1 2 2
1 1 1 2 2
1 2 2 3 2
2 3 1 3 1
1 2 1 3 2
1 2 1 3 2
1 2 1 3 1
1 1 1 2 1
2 2 1 2 1
2 3 1 3 1
2 1 1 3 1
1 3 2 3 2
1 3 1 3 2
2 1 1 3 2
2 1 1 3 2
2 3 2 3 2
2 1 1 3 2
1 2 1 3 2
2 1 2 2 2
2 1 1 2 2
1 1 2 2 2
2 1 1 3 2
2 3 2 3 2
2 2 2 3 2
1 1 1 2 1
2 2 1 2 2
2 2 1 2 2
2 1 1 3 1
1 2 1 2 2
3 4 1 2 144
1 1 2 1 4
1 2 2 2 2
2 2 1 3 2
2 3 3 3 4
2 1 1 1 2
2 2 1 3 4
1 1 2 2 3
1 2 1 3 3
2 1 1 3 2
2 2 1 3 2
2 1 2 2 4
1 1 1 3 4
2 3 2 3 3
2 2 4 3 4
1 1 3 2 3
1 1 2 1 4
2 3 1 3 4
1 1 2 3 2
2 3 1 3 4
2 2 1 3 2
2 3 2 3 4
2 3 2 3 3
1 2 2 3 3
1 1 3 1 4
2 1 1 2 3
1 1 1 2 4
1 1 3 3 3
1 2 1 3 2
1 2 2 3 2
1 2 3 3 4
2 2 1 3 2
1 1 4 2 4
2 1 1 3 2
2 2 3 2 4
1 2 1 2 1
1 1 1 3 2
2 1 2 3 2
1 2 1 2 4
2 2 2 3 3
1 2 3 3 3
1 1 2 3 4
2 1 1 2 1
2 2 2 3 4
2 1 2 2 4
2 3 1 3 4
2 3 3 3 4
2 1 1 3 3
1 2 2 2 3
2 1 3 2 4
2 2 3 2 3
2 1 1 2 4
2 3 3 3 3
2 2 1 3 3
1 2 1 2 2
1 1 2 2 4
2 1 1 2 3
1 1 2 2 2
1 2 2 3 3
2 1 3 3 4
2 1 1 2 2
2 1 1 2 3
2 1 2 3 3
1 1 1 3 3
2 2 1 3 4
2 1 2 1 3
1 2 3 3 4
1 1 1 2 2
2 1 1 3 4
1 3 2 3 4
2 1 2 2 3
1 3 1 3 2
1 3 1 3 4
2 3 2 3 4
1 1 1 2 3
2 1 1 2 2
2 2 1 3 4
1 1 1 3 4
2 2 1 2 1
1 1 2 1 4
2 1 1 3 3
2 2 2 3 3
1 1 1 1 3
2 2 2 2 4
1 1 2 2 3
1 1 3 2 3
2 1 1 3 1
2 1 1 3 4
2 1 2 3 2
2 1 3 3 4
2 2 3 3 4
2 2 2 2 2
1 1 3 2 4
1 1 4 3 4
2 1 1 1 1
1 2 3 2 4
1 3 3 3 4
2 3 3 3 4
2 1 1 3 3
1 1 4 3 4
2 1 2 3 4
2 1 2 3 2
1 3 1 3 1
2 2 2 3 4
2 1 1 1 3
2 2 1 3 1
2 1 3 3 4
2 2 4 3 4
1 2 3 3 4
2 1 1 3 4
2 2 3 2 3
2 2 2 3 2
2 1 2 3 2
1 1 1 2 2
2 1 2 1 4
2 1 1 1 2
1 3 2 3 2
1 2 1 2 4
1 1 2 3 3
1 2 3 3 4
2 1 1 2 4
1 1 4 2 4
1 2 1 3 3
1 1 1 2 4
2 2 2 3 2
2 1 2 2 3
1 2 2 2 3
2 1 1 2 3
2 1 2 3 3
2 1 2 1 4
1 3 2 3 3
2 1 2 2 4
1 1 3 1 4
2 3 1 3 3
2 1 1 3 2
2 1 1 2 3
2 1 1 3 2
2 1 3 2 4
2 1 1 3 3
1 2 2 3 4
1 1 2 3 4
1 1 1 2 1
2 2 2 2 4
1 3 1 3 1
1 1 2 3 3
3 5 1 1 225
2 1 1 3 4
2 1 2 1 4
1 2 4 3 4
1 2 3 3 5
1 1 1 1 2
1 1 3 3 3
2 1 1 2 4
1 2 2 3 2
2 1 3 2 3
1 2 3 2 4
2 1 3 1 3
2 2 2 3 5
1 1 1 1 4
1 1 1 2 4
1 1 4 2 5
1 3 2 3 5
2 1 3 2 4
1 2 3 2 4
1 1 3 3 4
2 1 2 3 3
2 2 2 3 4
2 1 3 3 4
2 1 1 2 4
2 2 2 3 5
2 1 1 2 3
1 3 2 3 5
1 1 2 3 3
2 2 2 3 5
1 2 3 2 3
1 1 2 3 3
1 1 1 3 2
1 1 5 3 5
1 3 1 3 5
2 2 1 3 3
2 1 1 2 4
2 2 2 2 5
2 1 3 3 3
2 1 3 1 4
1 1 1 2 5
2 1 2 1 5
1 1 4 3 4
2 1 2 3 5
1 1 1 2 1
2 2 4 3 4
2 2 4 2 4
2 1 3 2 4
1 1 2 3 4
2 2 3 3 5
2 1 3 2 3
1 1 4 3 5
2 1 1 3 2
2 1 2 1 5
2 1 3 3 3
2 3 1 3 5
1 1 1 2 5
1 1 1 2 3
1 1 1 2 2
1 2 2 3 5
2 1 1 2 3
2 1 2 2 4
2 1 3 2 4
2 1 3 2 4
2 1 3 1 4
1 1 1 1 5
1 2 3 2 5
1 1 2 3 4
2 2 1 3 2
1 2 1 3 2
1 1 2 2 4
1 2 3 3 4
2 1 1 3 5
1 1 3 1 4
2 2 1 3 4
1 2 1 3 2
1 1 3 2 5
1 2 1 2 2
1 1 3 2 4
1 1 1 2 4
1 2 3 3 4
1 2 2 3 3
2 1 4 1 5
1 3 4 3 5
2 1 1 3 2
1 1 1 3 5
1 2 4 3 4
1 1 1 3 2
2 3 1 3 4
2 2 1 3 2
1 1 1 3 1
2 2 2 2 4
2 2 1 2 4
2 3 1 3 5
2 1 3 3 4
2 2 4 2 5
2 2 1 3 5
2 1 3 3 5
2 1 1 2 3
2 1 1 3 3
2 1 1 2 5
2 1 3 2 4
2 2 1 3 2
2 1 5 3 5
1 2 3 2 5
2 2 1 3 5
2 1 2 2 3
2 3 1 3 2
1 1 1 2 2
1 1 4 2 5
1 3 2 3 5
2 2 2 3 4
1 3 1 3 5
1 1 2 2 3
2 1 4 3 4
2 2 1 2 3
2 2 1 2 5
2 1 2 2 2
2 1 2 3 2
1 1 1 1 2
1 2 3 2 5
2 1 3 2 4
1 1 2 2 3
2 2 2 3 5
1 1 3 1 4
2 2 1 2 3
2 1 2 2 5
2 2 1 3 4
2 2 3 3 5
2 3 2 3 4
2 1 3 3 5
1 2 3 2 3
1 1 2 1 4
2 3 2 3 4
2 1 1 2 4
1 1 2 3 4
2 2 2 2 4
1 2 2 2 2
1 1 1 3 4
1 1 2 1 5
1 1 4 3 4
2 1 1 1 4
1 3 4 3 5
2 1 1 2 2
1 2 1 2 4
2 2 1 2 4
2 1 1 2 2
2 1 3 2 5
1 2 1 2 5
1 2 3 3 5
2 2 2 3 2
2 2 3 3 5
1 3 3 3 5
2 1 1 3 3
1 3 2 3 3
2 2 3 3 5
2 3 1 3 5
2 1 1 2 5
2 2 1 2 3
2 1 1 2 3
1 3 1 3 3
2 1 4 1 5
1 2 1 3 3
2 2 3 3 5
2 2 1 3 2
2 1 2 2 2
2 1 2 2 5
1 2 2 3 5
1 2 1 3 2
1 1 1 2 1
1 1 3 2 4
2 1 3 1 4
2 1 1 3 2
1 1 3 3 4
2 2 2 3 3
2 2 2 2 5
1 1 1 1 1
2 2 5 2 5
1 2 1 3 4
1 2 2 2 2
2 2 3 3 4
2 1 1 3 2
1 3 2 3 5
1 3 1 3 1
1 2 1 2 2
2 1 2 3 2
1 2 4 3 4
1 1 4 2 5
1 1 1 3 5
2 1 1 1 1
2 1 2 2 5
2 1 1 2 3
1 1 3 2 5
1 1 2 1 5
2 1 1 1 4
2 2 4 2 5
1 1 3 3 4
1 1 3 3 3
2 1 2 3 3
2 1 3 3 4
1 1 3 3 4
2 3 4 3 5
2 1 2 2 3
1 2 2 3 3
1 2 4 3 4
1 3 2 3 5
1 2 4 3 5
2 2 2 3 4
1 2 4 3 4
2 1 3 1 5
2 1 5 2 5
2 1 2 1 4
2 2 1 3 3
1 1 1 3 5
1 2 2 3 4
1 1 1 3 3
2 1 1 3 4
2 2 2 3 3
2 1 3 2 4
1 2 1 3 3
2 2 3 3 3
2 2 3 2 4
1 1 1 3 2
1 1 1 1 3
2 2 1 2 5
1 1 4 3 5
2 3 1 3 5
28 869 20 613 1000
2 3 318 15 671
1 1 136 12 678
2 22 7 24 308
2 8 69 20 173
2 11 268 13 754
1 2 49 18 850
1 13 415 24 776
2 17 283 19 695
1 16 765 22 868
2 4 470 8 611
1 26 81 26 272
2 12 566 21 576
1 6 213 14 417
2 17 105 22 489
1 23 651 26 772
2 11 296 13 552
2 8 358 22 552
2 6 200 9 478
1 3 771 12 850
1 22 645 23 652
1 2 169 19 585
1 13 404 20 619
1 9 293 14 749
1 6 40 19 190
1 10 468 10 729
1 13 158 17 786
1 6 621 8 854
2 21 411 27 464
2 13 383 22 639
2 9 129 13 620
1 2 321 15 627
1 1 240 6 304
2 18 53 27 631
2 4 531 17 842
2 6 616 24 787
1 5 289 28 850
2 7 168 22 225
2 20 16 22 669
1 20 22 26 734
1 5 51 21 777
2 8 526 15 581
1 13 545 26 581
1 9 281 16 754
2 5 388 20 622
2 1 80 7 709
2 6 564 12 735
2 12 173 22 607
2 16 290 28 455
2 7 714 28 823
1 6 328 17 676
1 15 779 19 841
1 1 76 3 574
1 14 69 17 93
1 6 270 21 734
2 14 431 20 486
1 4 476 22 834
1 10 537 18 708
2 7 290 14 821
1 15 31 19 401
1 1 577 3 842
1 12 57 22 821
2 1 106 21 271
1 3 272 10 525
2 2 3 18 194
1 18 486 26 808
1 13 480 27 499
2 2 502 6 529
1 18 62 26 291
1 9 176 14 524
2 6 299 23 329
1 5 8 13 744
1 26 82 27 590
2 10 123 23 784
1 3 739 21 851
2 12 460 12 576
1 3 351 23 726
2 17 160 24 628
2 4 283 18 450
2 20 222 24 367
1 7 89 22 204
2 2 276 18 396
2 17 655 18 731
2 11 732 15 750
1 3 694 27 791
1 24 558 27 666
1 1 212 11 644
2 3 63 25 691
1 5 29 20 526
2 8 401 16 632
2 23 263 27 655
1 3 318 27 447
2 1 605 24 833
2 3 61 17 267
2 5 551 8 568
1 4 277 21 829
2 11 61 17 506
1 3 361 20 371
2 6 253 11 542
2 26 233 26 745
2 21 304 21 453
1 2 317 18 754
1 4 221 21 626
2 17 518 18 627
2 23 191 25 696
1 4 293 15 657
1 5 203 7 396
2 9 326 21 649
1 1 127 17 142
2 7 13 15 626
1 16 331 25 788
1 6 157 24 472
1 6 117 23 584
1 6 140 8 726
1 11 13 13 796
1 4 302 13 854
2 25 729 28 742
2 7 164 13 687
1 16 615 23 748
1 11 188 24 339
2 5 439 12 684
2 10 127 23 300
1 7 312 20 863
2 5 39 26 370
2 6 139 8 408
1 12 69 27 88
2 3 689 15 867
1 12 226 21 721
2 8 505 13 741
2 2 108 13 460
1 3 165 20 353
2 12 77 22 738
1 2 717 12 765
2 11 200 23 511
2 2 54 15 809
2 3 368 10 859
1 7 252 24 845
2 9 157 13 459
2 10 201 23 864
2 2 97 3 421
1 7 137 25 427
1 14 171 18 763
2 15 273 22 274
1 11 498 26 754
2 7 114 24 232
1 13 152 19 489
2 12 42 21 318
1 26 36 27 472
2 8 162 17 202
2 1 152 7 599
1 9 40 14 832
2 14 223 25 646
2 1 79 7 181
1 15 177 16 181
2 2 82 10 319
2 5 554 19 737
1 9 125 23 226
2 16 368 23 852
2 9 537 28 623
2 1 119 16 808
1 7 382 17 746
1 21 603 23 802
2 23 20 25 681
2 2 128 11 404
1 4 105 22 682
1 11 39 26 402
1 1 61 9 596
1 13 2 26 267
2 18 270 21 784
2 6 120 8 576
2 13 228 21 779
1 6 655 10 854
1 12 589 26 657
1 18 289 28 389
1 12 61 26 363
1 5 703 23 782
1 10 300 28 376
2 6 313 21 475
2 2 11 21 334
2 10 462 24 537
2 13 108 17 836
2 9 480 20 496
1 22 194 22 712
2 5 66 10 120
1 19 219 22 860
2 7 34 17 639
2 1 88 5 124
2 11 202 23 533
1 2 520 4 615
1 19 164 20 359
2 14 82 17 660
2 5 460 22 686
1 8 38 14 595
1 3 234 18 806
1 1 22 5 676
2 8 388 23 767
2 11 20 20 233
1 10 31 19 546
2 17 187 18 785
1 2 374 4 553
1 4 206 23 534
1 14 69 20 813
1 23 590 26 697
1 19 392 26 573
1 12 554 12 809
2 21 495 27 738
2 15 560 24 860
1 17 456 22 802
1 3 16 17 260
2 20 288 25 419
1 1 64 4 228
1 3 429 24 723
1 16 371 26 689
2 12 131 27 135
1 11 476 22 484
1 14 515 26 704
2 14 410 20 771
2 8 274 10 659
1 18 520 26 741
2 1 258 24 814
1 15 348 21 804
1 21 56 23 563
2 7 695 13 800
1 5 473 16 718
1 16 174 17 305
2 12 291 26 795
2 1 774 16 845
1 5 145 22 440
2 12 211 27 731
1 13 340 27 385
2 11 18 25 129
1 1 89 27 314
2 6 180 27 756
2 17 35 21 614
2 9 186 19 316
2 17 166 20 471
1 24 352 28 364
1 2 197 17 604
2 16 65 25 390
1 9 155 19 617
2 5 153 18 507
2 8 192 13 863
1 8 298 12 415
2 3 173 17 218
1 6 545 25 550
2 14 239 23 656
1 6 33 18 671
1 13 142 24 164
2 5 476 26 662
1 24 398 25 678
1 19 19 28 539
2 8 422 19 692
1 9 168 12 204
2 17 339 28 495
2 6 567 17 738
2 21 159 22 317
2 3 192 13 540
2 4 94 23 216
2 3 108 20 277
2 4 107 7 160
2 4 27 12 361
1 18 440 27 670
2 18 241 21 633
2 2 376 17 547
1 15 164 22 200
1 3 332 4 706
2 5 286 9 831
1 16 571 22 604
1 1 21 26 417
1 13 434 18 468
1 15 226 16 315
1 9 192 11 376
2 3 344 4 671
1 6 157 19 740
1 22 149 25 771
1 18 250 20 439
2 1 164 7 426
1 8 27 28 667
2 5 64 21 824
1 15 125 16 711
1 11 362 17 439
1 15 657 25 746
1 23 314 27 607
2 7 56 16 102
1 11 563 25 765
2 2 273 9 293
1 7 70 13 169
2 6 604 28 642
2 12 336 20 839
2 26 30 28 256
2 5 117 14 127
1 24 332 28 632
1 19 353 23 510
1 14 346 21 394
1 15 358 18 856
2 1 147 11 474
2 9 411 10 724
2 12 520 13 775
1 5 145 25 503
1 16 771 24 782
1 8 728 23 772
2 3 684 8 818
2 13 297 25 750
1 4 227 18 633
2 4 289 19 466
1 4 271 14 329
2 7 248 20 831
2 1 440 20 526
2 4 93 18 576
2 2 435 25 625
1 2 587 19 868
2 6 268 23 869
2 9 4 21 32
1 12 90 20 421
1 16 226 27 764
2 10 497 16 742
1 4 400 12 710
2 2 78 15 461
1 5 94 11 566
1 8 204 17 832
1 2 239 17 757
1 2 39 27 842
2 7 473 13 698
2 1 315 7 565
1 15 130 26 493
2 9 51 19 81
1 24 230 25 581
2 10 221 10 367
2 1 20 2 752
2 25 264 26 397
1 4 187 6 259
2 10 258 16 841
2 6 411 25 667
2 22 76 25 571
2 23 269 23 751
1 12 332 19 612
1 7 56 28 442
1 16 767 27 785
2 17 229 26 734
1 11 56 25 247
2 8 143 17 254
1 5 154 22 436
2 16 46 20 383
2 3 615 13 736
1 10 313 23 759
1 5 85 16 451
1 13 97 22 296
2 2 229 16 784
1 14 602 19 676
1 1 99 15 316
2 1 9 2 626
1 1 95 4 331
1 8 588 13 783
1 9 748 16 790
2 11 472 13 657
2 6 337 20 492
2 8 73 11 865
2 1 26 25 647
2 14 320 14 736
2 4 193 21 237
1 1 471 12 658
2 10 534 15 557
1 1 186 19 386
2 4 9 5 690
2 2 2 6 410
2 1 4 24 278
1 12 131 18 822
2 7 303 22 852
1 3 273 13 490
2 24 494 28 533
2 3 781 13 856
2 14 90 22 241
1 1 156 27 809
2 11 167 24 837
1 21 24 27 630
1 19 39 20 166
2 18 145 26 587
2 8 132 21 730
1 16 479 16 827
1 2 198 6 622
1 5 93 17 857
1 5 217 6 631
1 1 116 11 552
1 12 419 22 789
1 5 260 13 322
2 7 144 9 502
1 10 418 15 718
2 12 103 23 391
1 11 314 16 701
2 4 561 28 721
2 10 285 14 455
2 23 130 28 536
2 2 315 7 861
1 13 133 27 328
2 4 61 28 321
2 2 448 5 658
1 8 500 10 681
2 5 211 21 219
1 8 563 18 575
2 5 632 26 761
2 4 606 14 617
2 15 425 16 427
2 13 486 21 490
2 23 201 25 236
2 14 168 18 256
1 11 627 25 634
1 13 573 16 691
2 7 380 28 867
1 2 229 5 827
1 3 149 23 399
1 9 75 25 124
1 22 86 26 766
2 1 311 15 399
1 15 127 25 700
1 2 96 5 848
2 10 223 24 303
2 25 83 26 603
1 3 634 14 784
1 2 442 20 674
2 4 649 10 742
1 8 204 11 535
1 21 237 22 821
2 13 130 24 236
2 16 326 20 401
2 1 300 19 690
2 16 172 28 797
2 5 232 13 420
1 2 94 5 724
2 11 611 20 797
1 23 156 25 498
2 7 498 23 821
2 26 41 28 116
1 12 18 28 711
1 14 469 28 523
2 15 301 16 422
1 8 580 24 748
1 20 165 24 334
2 1 290 25 301
1 2 89 24 430
2 2 531 17 788
2 12 106 24 801
1 10 832 18 840
1 9 826 14 860
1 10 8 28 854
1 11 268 23 574
2 2 407 21 622
2 17 334 20 495
2 12 291 28 602
2 21 483 21 680
1 26 124 28 306
1 8 380 12 554
2 6 79 15 227
2 15 637 24 764
1 3 100 27 154
1 18 138 24 486
2 14 479 25 696
1 22 375 27 633
2 2 14 13 107
2 3 714 13 719
1 9 17 10 485
2 11 314 24 731
2 3 152 8 165
1 2 1 21 72
1 2 234 28 278
1 13 134 14 447
2 12 291 13 750
1 12 396 25 453
1 11 745 27 863
2 9 442 24 615
1 1 160 6 267
1 6 464 13 768
1 4 341 4 546
1 10 71 27 856
1 19 278 19 313
2 9 407 21 669
2 7 206 25 266
2 11 309 22 568
2 13 9 19 858
2 11 20 23 665
2 5 17 9 198
2 17 32 27 601
2 13 604 22 637
2 5 276 22 313
1 2 222 22 612
2 2 31 6 59
2 12 241 26 371
1 10 235 10 278
2 1 254 8 650
1 7 617 15 779
2 10 333 27 614
2 7 772 17 848
1 5 309 19 594
1 5 321 28 542
1 11 251 18 845
1 15 732 18 841
1 8 314 26 608
2 9 389 12 449
1 4 13 12 315
2 6 596 14 846
1 16 219 20 405
2 9 435 21 775
2 2 173 7 558
1 21 447 28 524
1 3 194 25 477
1 11 42 15 310
2 1 741 20 856
2 4 72 9 324
2 12 21 27 716
1 6 558 6 717
1 7 149 15 789
2 17 155 20 242
2 9 271 19 664
1 23 474 25 699
2 10 458 23 552
2 7 303 27 581
1 5 224 11 680
2 17 232 24 336
2 4 130 7 675
1 19 131 27 200
1 11 24 22 526
1 10 390 14 614
2 6 8 7 839
2 15 558 23 637
1 11 56 26 123
2 20 292 25 693
2 4 111 21 840
1 12 306 27 371
2 1 706 6 709
2 21 167 28 484
2 13 182 28 717
2 25 783 27 859
2 5 590 21 608
1 19 194 28 412
2 1 158 14 506
2 7 554 25 768
1 2 211 9 517
2 19 73 24 825
1 4 282 9 784
2 18 94 26 250
1 9 209 22 692
1 7 534 24 628
1 11 358 21 783
1 5 408 21 567
2 20 292 23 512
1 13 168 19 686
2 6 164 13 723
1 3 103 15 409
1 7 383 9 400
1 22 183 25 701
2 5 529 23 728
2 1 11 4 505
1 10 134 24 600
2 21 42 24 820
1 16 113 22 121
1 17 614 25 860
1 8 597 26 695
2 24 476 25 619
1 8 221 21 862
1 18 125 24 268
1 7 663 25 683
2 4 450 17 691
1 16 591 21 785
1 3 431 17 811
2 12 505 25 751
2 2 97 11 174
2 8 500 11 805
1 17 122 25 840
2 22 155 27 814
2 14 193 27 614
2 15 94 17 424
2 8 13 24 445
1 6 351 21 387
1 10 72 14 187
1 1 543 25 788
1 16 80 17 823
1 11 175 15 295
2 5 122 7 707
1 12 424 26 707
2 2 331 28 516
2 4 216 25 850
1 2 51 28 767
1 1 299 4 319
2 7 406 16 662
1 19 245 23 824
2 25 59 27 748
1 15 423 25 809
2 14 250 24 399
2 8 362 24 771
2 20 621 21 788
2 9 357 13 361
1 16 587 22 841
2 10 273 27 713
1 2 23 16 575
2 19 537 27 566
1 11 748 25 843
2 24 28 28 534
1 11 204 25 520
2 10 522 28 612
2 9 591 16 774
2 5 111 18 654
2 10 213 18 862
1 7 415 21 854
2 13 479 16 568
1 14 337 17 755
1 18 250 23 638
2 1 398 8 668
1 12 219 17 666
2 21 252 25 687
2 7 317 14 626
1 11 296 19 861
2 5 146 10 392
2 2 144 17 839
1 5 630 15 728
2 15 427 28 632
1 17 66 26 437
1 7 291 12 467
1 9 101 26 253
2 8 332 27 867
1 12 334 23 461
1 9 83 14 752
1 2 187 28 457
1 21 126 26 438
2 19 468 23 732
2 9 255 11 466
1 20 254 23 646
1 20 347 27 786
2 5 143 28 726
2 5 484 19 733
1 10 543 17 589
1 24 505 27 590
1 7 324 27 560
1 15 574 15 586
1 12 240 23 689
1 19 646 22 725
2 5 783 25 849
2 6 286 17 544
1 19 37 23 838
2 8 426 20 810
1 2 335 19 853
2 18 247 24 712
2 16 54 26 868
2 1 276 28 492
1 5 511 26 801
1 7 138 10 741
1 16 448 28 729
1 1 82 12 567
1 5 243 23 436
1 12 409 16 797
2 1 127 1 571
1 17 322 25 649
2 14 145 22 694
2 3 76 19 183
2 8 183 8 394
2 8 42 17 465
2 9 209 17 491
2 8 218 14 843
2 8 442 21 592
1 4 738 10 750
1 5 166 17 249
2 7 32 20 721
1 3 38 24 526
1 12 189 23 817
1 1 187 20 260
2 5 53 9 255
1 17 234 25 694
2 18 28 28 195
2 15 14 24 341
1 1 224 15 374
2 9 398 18 823
2 19 287 25 850
1 4 80 25 287
2 13 188 14 315
1 4 437 20 837
1 1 447 21 487
1 26 38 27 369
2 10 103 25 421
1 10 527 25 726
2 16 495 28 851
1 10 299 22 849
1 3 267 11 374
1 1 754 4 837
1 25 593 28 631
2 5 406 21 636
1 10 176 11 508
1 17 251 21 465
2 6 58 25 864
2 2 425 4 526
1 16 216 21 353
1 3 783 7 844
2 26 159 26 163
1 18 254 22 549
2 11 291 13 642
2 12 407 19 535
2 12 59 17 524
1 1 311 5 314
2 2 8 17 153
1 21 294 26 828
1 20 280 24 500
2 3 251 6 815
2 1 348 13 715
2 5 99 17 510
2 8 367 28 622
2 17 101 21 197
1 10 175 14 455
1 10 270 25 742
1 13 167 17 625
1 4 477 19 497
2 6 642 8 833
2 8 473 20 671
2 16 502 24 839
2 6 566 7 677
1 11 204 14 834
2 19 111 20 202
2 4 358 17 625
2 23 121 25 132
1 10 93 11 859
1 9 70 19 638
2 3 560 14 682
1 21 148 23 432
2 12 429 17 542
1 14 442 26 474
1 18 366 22 452
2 2 320 5 857
2 1 437 16 650
1 2 463 18 704
1 7 40 11 763
1 2 37 10 242
1 21 135 22 402
1 18 30 26 96
1 15 378 28 438
1 4 79 19 660
1 6 221 22 336
2 10 507 26 673
2 12 173 25 691
1 5 511 27 859
2 9 10 13 305
1 22 35 27 852
2 8 3 28 184
1 26 648 27 715
1 6 437 28 784
1 20 410 21 766
1 10 70 10 854
2 12 323 15 678
1 16 8 23 67
1 8 667 11 841
1 2 8 24 244
2 1 198 26 270
1 1 142 17 800
2 2 121 5 661
2 9 49 19 765
1 2 185 15 534
2 7 87 10 579
2 25 138 27 588
2 23 178 25 535
1 1 231 8 592
2 10 105 13 435
1 4 436 25 558
1 11 590 25 673
1 8 288 25 676
1 3 377 17 717
1 5 174 12 631
2 10 57 11 405
1 5 66 21 551
1 13 361 23 435
1 4 659 20 745
2 9 35 25 293
2 1 74 17 827
1 13 132 19 298
2 2 115 18 395
2 15 204 23 766
2 6 676 7 717
1 19 619 27 824
2 6 48 12 549
2 4 633 16 812
2 2 307 23 835
2 3 48 4 503
2 9 547 24 586
2 1 340 2 537
2 5 115 25 344
1 7 495 20 583
1 19 536 23 672
2 21 645 27 827
2 2 183 9 505
2 6 333 28 556
2 9 8 10 193
1 17 798 19 867
2 3 85 13 412
1 1 27 8 100
2 17 602 21 662
2 8 541 23 656
2 20 174 24 235
1 2 99 4 358
2 4 258 19 497
2 4 220 4 350
1 21 54 25 755
2 10 545 25 698
1 12 216 24 809
2 13 88 24 204
1 1 282 8 744
1 15 514 21 754
2 25 261 27 532
2 16 223 20 562
1 12 705 28 832
1 11 134 23 338
1 1 137 27 179
2 12 122 25 395
2 12 3 15 465
2 10 206 17 660
1 5 369 14 793
1 8 225 12 317
1 9 558 25 729
1 24 271 24 631
2 21 306 25 528
1 2 608 14 784
1 8 36 19 555
2 6 316 17 375
2 4 278 11 574
2 24 168 28 844
1 5 333 15 646
1 22 499 26 527
1 2 201 2 708
2 16 161 27 569
1 21 4 26 542
2 7 255 22 386
1 15 145 17 267
2 10 696 18 791
2 5 193 13 741
1 5 207 22 484
2 19 104 24 831
2 11 286 11 408
2 5 281 14 750
2 5 365 13 510
1 5 229 12 542
1 6 176 13 473
1 7 148 9 553
1 15 751 28 814
1 5 542 22 604
1 18 175 25 312
2 14 192 25 345
2 3 32 12 821
1 1 91 12 676
2 6 122 25 829
2 8 315 22 587
2 4 422 22 556
1 5 626 14 751
2 8 308 28 343
2 4 11 9 482
2 15 15 17 680
1 9 198 11 516
1 9 46 20 650
1 2 475 23 524
2 7 33 28 846
1 9 439 22 713
2 8 451 14 745
2 4 181 15 642
2 11 398 24 748
2 13 100 14 777
1 10 353 22 838
2 7 19 11 598
2 4 106 7 656
1 10 193 14 757
1 8 646 9 843
1 13 125 19 172
2 5 385 9 721
1 14 367 24 606
1 20 165 26 784
1 2 531 27 600
2 26 81 26 177
1 18 711 27 867
1 7 414 21 683
2 11 388 19 500
2 9 32 27 748
1 15 2 21 62
1 4 590 21 728
1 19 92 24 168
1 4 719 5 857
1 1 4 3 346
1 2 125 12 666
1 3 341 6 555
1 18 91 21 528
1 6 74 11 855
2 9 219 14 404
1 3 80 18 648
1 11 345 23 402
2 21 515 25 693
1 19 487 23 770
1 22 340 28 867
1 3 134 3 640
1 12 652 14 822
1 11 76 26 452
1 13 620 18 814
1 15 303 24 564
1 5 143 20 518
1 6 696 10 729
2 16 219 27 614
2 21 491 22 810
1 24 524 27 857
2 1 37 9 780
2 24 457 26 652
1 12 372 22 835
2 8 1 24 856
2 15 263 16 651
2 11 625 11 758
2 13 627 21 786
1 9 840 11 857
2 16 200 16 429
2 4 153 8 641
2 19 415 21 584
1 19 325 27 345
2 20 334 26 522
2 14 6 20 613
1 21 550 23 831
2 9 77 9 528
2 5 441 12 729
2 1 23 21 695
1 23 316 24 673
2 4 87 26 647
1 17 74 21 315
1 11 677 20 684
2 3 340 15 840
2 14 698 20 739
2 17 372 18 845
1 11 412 26 473
2 8 143 13 627
2 2 418 22 486
1 7 600 10 668
2 19 128 21 722
1 1 446 23 818
2 2 394 3 681
1 18 412 28 554
1 7 279 9 535
2 19 60 21 151
1 12 161 16 342
1 15 123 26 579
2 24 88 27 98
2 18 17 22 127
1 18 106 22 279
2 11 286 25 623
2 9 105 25 766
1 13 363 22 730
2 9 394 14 756
2 15 52 22 618
1 17 639 21 663
1 1 137 7 497
1 9 40 23 70
1 21 37 26 543
2 20 68 24 161
2 6 169 21 218
2 8 532 22 678
1 3 259 21 376
2 19 403 21 755
2 6 781 16 851
1 2 69 4 697
1 17 85 19 192
1 7 87 15 580
1 8 130 10 547
2 15 152 22 589
1 14 392 19 852
1 9 135 11 375
1 1 35 24 86
2 12 737 26 759
1 14 327 21 538
2 3 339 27 658
1 14 78 26 451
1 9 508 12 819
1 17 47 20 92
1 3 362 21 534
2 16 299 27 384
2 18 125 26 714
1 13 174 19 195
2 13 350 15 718
1 21 326 27 406
2 8 17 22 607
2 2 469 6 562
2 8 15 28 223
2 9 149 11 322
1 23 107 28 171
2 7 382 24 507
1 10 339 13 731
1 12 243 12 679
2 4 228 19 734
1 1 368 8 808
1 5 141 16 655
1 8 604 23 716
2 13 96 14 564
2 26 207 28 594
2 7 118 22 505
2 3 3 9 353
2 6 324 26 697
1 9 685 17 738
1 11 355 20 525
1 1 658 26 858
2 1 243 24 654
2 13 416 19 867
1 5 427 28 652
2 2 736 17 802
1 6 2 15 373
1 5 201 9 371
1 11 613 27 662
2 11 15 18 663
2 1 12 7 487
146 519 86 21 1000
2 46 8 100 461
1 17 328 124 342
1 133 204 138 369
2 96 350 122 355
2 7 59 74 70
2 55 37 64 261
2 61 194 83 478
1 59 146 137 184
1 33 4 83 402
2 82 7 112 249
2 71 94 106 146
1 49 83 117 501
1 13 232 82 492
1 65 78 107 277
2 11 49 53 327
1 27 116 140 307
2 68 84 68 150
2 2 54 144 183
1 83 412 134 468
2 14 248 143 519
1 67 34 73 453
1 42 335 44 447
1 44 138 105 479
2 72 256 93 504
1 26 373 143 450
1 122 147 129 428
1 5 209 136 414
1 73 257 108 351
1 64 18 124 38
1 81 294 127 473
2 28 198 56 380
1 81 152 88 200
2 93 231 113 405
2 52 139 131 420
1 95 45 114 156
2 64 156 144 519
1 32 176 91 234
1 9 23 73 51
2 12 88 103 203
2 3 179 7 191
1 79 210 128 359
1 28 255 124 375
2 69 71 76 519
2 24 173 24 205
2 16 213 83 473
1 30 91 44 395
1 22 188 68 243
2 55 223 131 225
2 17 37 36 73
1 53 286 80 398
1 72 64 89 478
1 126 240 142 370
2 38 4 97 352
1 137 201 143 281
1 6 284 78 497
2 28 236 115 349
2 54 193 113 256
2 39 17 104 109
2 52 68 113 87
1 38 27 105 360
1 63 140 108 511
1 92 455 119 481
1 18 461 100 519
2 43 2 128 251
1 31 287 64 490
1 36 292 66 451
1 39 86 140 322
1 123 197 125 355
2 63 324 102 383
2 50 201 77 487
2 39 230 137 309
1 66 2 91 351
2 127 36 146 246
2 12 213 109 220
2 57 84 124 323
1 97 220 135 435
2 10 231 116 302
2 12 387 84 409
1 109 179 118 290
1 102 69 118 87
1 42 12 74 249
2 95 443 112 491
2 41 119 115 126
1 67 145 114 185
2 114 181 124 432
2 38 17 108 376
2 30 203 55 425
1 85 80 139 488
1 68 132 101 454
1 39 20 145 51
2 66 158 70 419
2 18 47 110 263
1 91 195 95 404
1 78 173 141 495
1 87 8 140 40
2 62 46 93 353
2 42 96 48 459
1 44 9 121 228
2 17 147 120 418
1 41 443 96 508
2 1 60 54 447
1 44 235 136 367
1 1 235 129 237
2 59 337 73 452
2 125 261 134 408
1 20 26 50 108
2 10 287 41 415
2 21 14 22 338
2 11 124 74 335
2 38 70 103 261
1 106 49 110 119
2 12 18 49 187
1 90 209 124 346
2 111 60 114 146
1 8 12 108 242
2 13 53 137 418
1 11 331 131 380
1 56 48 127 453
2 122 131 133 263
1 13 15 68 505
1 62 90 113 302
1 92 302 133 487
1 99 14 137 190
2 26 310 82 411
1 92 39 110 483
1 36 23 146 417
2 57 249 92 295
2 8 41 37 456
1 96 371 98 499
1 70 253 104 375
2 35 443 94 463
1 11 234 53 426
1 4 144 105 182
2 40 360 93 387
1 104 353 113 424
1 111 68 129 278
2 10 305 30 351
2 24 42 46 286
1 22 311 130 493
1 42 24 55 317
1 30 50 76 328
1 7 92 27 184
2 67 324 139 437
2 8 274 51 505
2 20 7 108 247
1 48 43 55 404
1 14 49 102 493
2 6 166 43 181
2 93 43 146 481
2 15 267 91 339
2 26 9 45 51
2 35 15 46 263
2 101 163 107 504
1 127 27 128 300
2 45 325 138 473
2 15 302 122 451
1 108 312 120 340
1 6 372 36 488
1 26 53 47 282
2 18 169 104 203
2 87 505 90 508
1 75 140 75 160
2 35 34 48 217
2 85 384 118 385
1 115 42 119 189
1 27 362 33 502
2 33 385 66 448
1 94 70 142 167
2 50 50 128 316
2 16 493 134 499
1 21 169 29 278
1 31 154 53 260
1 50 222 64 401
2 61 162 143 162
2 92 53 122 69
2 21 221 137 373
1 8 468 99 500
1 34 11 79 131
2 136 130 141 250
1 20 93 92 322
2 59 409 145 415
1 79 201 81 510
1 33 352 78 354
1 32 36 63 235
2 28 209 134 451
1 41 35 45 325
2 8 81 131 203
1 86 123 89 358
1 1 287 59 442
1 23 234 84 284
2 42 97 119 126
2 113 366 121 466
1 51 391 98 513
2 68 179 69 367
2 54 48 67 311
2 114 68 121 165
1 104 344 138 353
2 74 9 115 221
1 27 265 58 428
2 8 9 62 267
2 105 18 116 223
1 20 21 131 187
1 74 322 93 400
1 97 121 109 447
2 53 393 82 431
2 8 88 94 206
2 23 213 101 230
2 20 76 142 421
2 70 251 124 272
2 97 217 98 473
2 2 160 142 402
2 34 135 89 309
1 68 381 123 419
2 73 174 91 387
1 55 64 104 514
1 45 208 101 476
2 33 505 48 516
1 7 363 35 367
1 32 478 38 504
1 18 108 100 139
2 19 305 38 508
1 24 48 28 105
1 38 176 39 201
1 13 189 102 200
2 80 2 103 351
2 7 47 17 303
2 36 299 128 381
1 19 204 81 291
1 49 379 127 503
1 72 197 76 334
1 75 56 102 123
1 37 31 98 516
1 50 104 101 316
1 57 284 91 477
2 22 333 39 515
2 35 168 106 425
1 71 10 141 150
1 120 212 141 465
2 111 13 112 403
2 69 32 83 34
1 32 304 59 511
1 7 401 16 495
2 33 275 77 290
2 11 193 93 237
2 34 210 95 230
1 36 154 134 366
1 70 370 112 372
2 35 191 82 397
1 24 76 57 131
2 17 72 111 388
1 2 217 140 391
2 57 113 72 315
2 5 98 60 410
1 7 295 143 366
2 59 16 73 206
2 109 96 133 242
1 122 427 122 465
1 26 20 93 419
2 62 45 145 64
2 55 188 110 351
1 39 64 65 398
1 111 101 121 207
2 24 164 108 195
2 107 137 134 475
2 75 170 98 306
1 62 381 109 496
2 120 29 122 444
1 11 180 38 494
1 69 184 73 256
1 19 43 43 97
2 38 266 62 417
1 99 298 126 514
2 25 217 57 372
1 1 4 57 426
2 1 207 63 211
1 91 142 130 350
1 79 289 81 308
2 60 97 62 498
2 93 478 138 511
2 75 20 93 320
1 45 15 53 401
2 103 234 128 391
1 22 232 104 492
2 41 323 124 426
1 15 124 122 477
2 80 212 96 220
1 20 109 105 473
2 11 86 118 227
2 58 173 63 188
2 78 399 115 439
2 42 161 106 404
2 91 197 144 436
1 82 16 140 464
2 20 72 125 420
2 42 243 130 323
2 6 10 31 83
2 28 204 44 384
2 46 35 131 435
1 48 461 117 506
1 40 234 94 511
2 33 252 143 431
1 18 12 146 137
1 19 124 138 356
1 31 311 114 416
1 72 138 115 385
1 55 88 79 195
1 24 330 65 364
2 41 190 80 490
2 76 80 137 200
2 7 72 26 513
2 94 74 107 354
2 17 50 115 364
2 17 168 127 467
2 1 342 99 436
2 19 105 142 198
2 80 100 102 157
2 44 166 126 168
2 12 231 49 505
2 70 189 96 388
2 55 86 61 106
2 29 96 102 272
2 102 223 127 265
2 58 107 64 279
1 55 335 100 441
1 120 14 133 458
1 12 123 114 457
2 127 73 129 241
2 57 264 82 353
1 96 136 108 276
2 5 127 61 153
1 30 265 56 367
1 42 151 77 440
2 28 34 36 227
2 66 271 76 417
2 56 298 126 429
1 5 350 111 365
2 8 75 118 176
1 112 16 119 462
2 75 182 106 253
1 14 140 95 490
2 62 174 106 404
1 8 107 130 183
1 31 223 36 243
1 33 110 50 132
1 49 15 56 309
1 15 78 50 173
2 122 240 146 356
1 111 10 118 145
2 47 110 138 481
2 15 231 84 373
2 55 349 127 416
1 124 161 142 354
2 67 423 144 490
1 59 236 146 286
1 7 15 17 320
1 51 152 112 270
1 53 429 108 477
1 18 254 22 424
1 78 119 123 324
1 108 488 131 510
1 67 162 93 368
2 112 195 145 279
1 46 99 122 470
1 12 272 78 355
2 84 112 133 257
2 77 221 80 338
1 11 180 13 209
2 85 63 103 336
2 82 86 95 166
1 39 50 108 179
2 97 187 99 485
2 37 176 107 177
2 37 87 53 196
1 68 39 144 257
1 99 196 123 225
1 64 214 66 496
1 107 114 131 312
1 37 325 99 455
1 15 33 30 373
2 20 138 63 435
1 76 54 138 347
2 49 52 127 230
2 23 126 111 173
2 88 28 141 148
2 18 452 40 514
1 32 416 85 462
1 52 327 138 431
1 103 377 141 456
2 15 146 84 225
2 42 346 88 445
1 82 184 123 489
2 75 351 130 477
2 29 2 60 253
2 29 362 114 492
2 14 235 95 310
2 57 137 116 477
1 35 150 95 314
1 37 338 132 443
2 8 339 121 355
2 55 274 62 360
1 15 70 39 435
2 95 132 101 169
2 49 145 68 411
1 64 139 70 276
2 18 449 21 517
1 141 431 146 508
1 79 69 116 264
2 62 171 132 455
2 49 104 115 303
2 17 201 55 309
2 8 99 102 220
1 5 101 83 203
2 76 104 114 470
2 27 296 134 383
2 101 220 129 349
1 10 340 104 464
1 89 30 98 282
1 18 173 121 495
2 86 263 92 457
2 38 235 68 239
2 34 141 52 381
2 74 232 134 519
2 34 77 71 108
2 8 89 141 470
1 28 19 140 264
2 68 22 78 333
1 120 222 141 512
2 86 342 137 408
1 69 63 84 243
2 55 240 109 424
1 114 134 115 186
1 4 242 92 348
2 90 33 145 230
2 26 123 81 156
1 17 57 50 378
2 93 161 126 234
2 55 102 91 351
2 78 6 139 244
2 44 25 93 352
1 56 380 98 448
2 55 455 130 490
1 86 119 129 226
2 52 63 76 165
2 71 70 139 305
2 40 164 107 354
1 16 137 43 315
2 58 71 98 464
1 33 217 98 294
1 137 206 142 347
2 24 130 70 166
1 29 21 65 368
2 76 3 134 7
2 3 73 59 367
2 67 353 98 508
1 54 96 77 165
1 80 10 129 519
1 51 345 61 365
2 39 136 86 427
2 44 32 62 483
1 26 470 143 519
2 3 338 100 460
2 118 35 132 417
2 5 182 32 445
2 14 15 122 494
1 33 392 35 438
2 16 43 19 363
2 14 265 15 485
1 116 295 138 373
1 106 299 129 348
2 74 35 93 474
2 22 69 116 325
1 31 18 76 508
2 132 75 139 355
1 38 306 47 333
1 35 25 74 306
2 63 28 71 180
1 12 68 33 519
2 15 338 127 461
1 40 97 102 219
2 55 68 110 367
2 1 289 38 333
2 63 152 83 281
1 65 170 143 188
1 15 19 107 290
1 94 50 94 487
1 83 181 90 456
1 8 167 128 360
2 66 197 68 306
2 39 99 87 289
2 33 170 68 469
1 63 118 143 193
2 53 114 131 357
1 18 73 117 154
1 12 140 80 331
1 11 13 11 303
2 74 330 111 488
2 98 281 133 393
2 82 12 111 357
1 43 60 63 492
1 115 42 136 480
2 22 211 77 235
1 28 124 53 263
2 114 130 121 472
2 130 234 143 350
2 87 204 144 301
2 11 382 28 517
2 92 49 121 337
1 31 360 99 416
1 111 19 141 106
2 40 203 122 434
1 6 255 103 387
2 35 102 117 370
1 64 325 91 439
1 32 118 94 426
2 38 282 132 421
2 96 13 132 452
1 36 187 124 345
1 89 328 100 375
2 38 118 85 424
2 27 267 45 451
2 10 59 117 374
2 67 242 145 393
1 40 300 135 418
2 133 426 137 476
1 83 125 144 320
1 35 258 112 433
1 31 82 60 330
1 3 271 40 457
1 54 214 62 381
2 28 304 90 354
2 5 152 96 467
2 45 72 69 124
2 89 343 91 444
2 27 97 136 293
1 61 137 80 336
2 92 156 120 279
2 58 330 104 492
2 4 33 47 124
1 34 194 54 249
2 71 11 117 380
2 52 414 58 480
1 29 345 103 351
1 97 133 110 273
2 75 25 94 356
1 4 185 137 211
2 9 273 16 505
1 3 268 79 285
2 18 142 85 229
2 71 422 93 474
2 12 71 25 286
2 135 86 142 272
1 13 236 121 306
2 40 108 58 484
1 15 112 58 194
2 83 331 84 378
1 52 175 99 269
2 18 58 123 219
1 7 208 22 400
2 62 263 138 441
1 14 166 58 190
2 16 236 101 377
2 64 164 84 461
2 51 36 64 103
1 8 378 29 435
1 17 93 114 263
2 74 11 75 36
1 10 181 94 214
2 67 197 138 355
2 26 147 100 332
2 4 45 73 67
2 39 44 119 323
1 20 265 33 307
1 33 24 70 165
1 6 69 12 250
2 5 23 74 125
1 23 84 107 235
2 64 10 135 257
2 7 1 90 380
1 23 350 139 428
1 57 155 106 251
1 80 12 131 193
2 25 161 145 372
2 39 70 114 299
1 58 69 138 227
1 44 293 64 354
1 11 40 114 376
1 69 121 80 356
1 28 26 85 277
2 111 336 119 495
2 22 234 56 465
2 82 171 113 424
2 72 80 105 471
1 129 230 143 290
2 59 275 97 394
2 41 105 110 437
2 137 313 141 428
1 6 261 68 461
1 88 75 145 224
2 86 85 91 485
1 17 400 109 463
2 32 263 79 518
1 58 5 58 60
2 52 189 53 209
1 59 213 96 381
1 44 189 142 310
2 67 262 93 278
2 9 401 120 467
1 107 196 146 231
2 45 71 110 284
1 75 74 93 409
2 20 220 128 368
1 27 9 47 514
2 74 131 109 439
2 21 198 73 319
1 86 28 111 446
2 39 142 95 145
1 19 43 111 123
2 43 162 141 231
1 36 36 81 468
1 6 384 132 428
2 95 79 128 433
2 77 40 145 121
2 31 42 96 255
1 66 104 142 272
1 58 287 71 458
2 41 102 61 112
2 95 154 117 234
1 45 95 90 515
2 91 226 107 514
2 49 152 116 434
2 76 137 86 185
1 139 106 146 351
2 4 46 145 211
1 59 24 143 88
2 39 225 42 327
1 86 479 99 495
2 59 47 107 240
1 2 83 120 133
1 35 239 123 319
1 26 78 99 287
2 47 114 106 395
1 60 309 85 313
2 94 33 107 498
1 62 238 130 436
2 112 133 139 382
1 39 227 101 426
1 76 92 94 270
1 6 293 33 447
1 46 86 111 335
1 55 171 122 237
2 32 73 75 431
2 79 21 97 183
1 72 165 101 346
1 87 31 146 243
1 5 137 55 416
1 37 228 106 232
2 46 203 70 385
1 92 101 130 372
2 20 80 113 344
1 26 276 134 298
1 36 106 111 458
1 115 482 144 507
2 9 327 9 462
2 43 72 50 519
1 20 392 58 437
2 53 110 99 426
2 119 1 132 366
2 88 20 91 269
1 5 255 9 274
1 67 19 92 147
2 98 102 111 331
1 13 141 21 426
1 13 141 78 468
1 18 312 142 502
1 3 250 106 255
2 67 69 89 178
2 43 288 91 421
2 27 53 90 413
2 39 257 65 335
1 13 476 58 495
1 42 73 133 184
1 59 21 67 397
2 25 144 135 177
2 44 125 79 187
1 19 218 21 313
2 5 239 48 357
1 88 259 90 463
1 17 25 27 297
1 24 339 41 403
1 39 99 42 187
1 123 4 142 58
1 88 12 130 419
1 23 61 93 99
2 54 437 95 505
1 21 221 86 294
1 6 179 89 507
2 43 59 46 518
1 74 132 90 484
2 26 153 39 259
1 23 92 52 475
1 25 212 60 449
2 19 95 58 250
1 91 118 122 514
1 46 223 114 434
1 124 92 133 184
2 14 240 146 441
2 40 24 129 359
2 49 199 135 273
1 111 271 146 318
1 44 237 84 377
1 41 90 126 357
2 4 103 27 302
1 129 56 131 256
2 1 27 74 156
1 3 116 113 412
2 1 105 25 147
2 24 7 25 195
2 46 80 76 185
1 33 108 145 436
1 119 210 137 222
1 72 53 84 396
1 4 472 15 475
2 71 241 76 368
2 80 292 130 361
2 19 209 28 502
2 66 125 129 127
1 37 44 139 367
1 5 188 67 255
1 72 199 145 501
2 94 131 131 412
1 38 14 46 78
1 9 362 9 458
2 93 13 136 94
1 4 194 122 310
2 34 270 100 341
1 52 279 112 391
2 78 120 121 357
2 11 217 16 457
2 10 20 15 323
1 13 187 76 384
2 27 88 143 166
2 28 71 41 334
1 116 74 136 107
1 43 26 116 251
1 33 161 37 454
1 70 137 112 165
2 11 39 64 174
2 62 248 123 491
1 28 97 44 342
1 32 133 74 192
1 96 8 119 399
1 6 280 68 380
2 98 113 144 316
2 81 18 124 148
1 93 198 139 359
2 11 178 144 458
2 52 8 137 460
2 23 79 116 502
1 1 24 131 441
2 115 203 125 515
2 59 35 81 499
2 41 80 49 456
2 56 131 78 504
2 134 32 140 102
2 119 378 144 475
1 53 146 143 369
1 37 339 45 439
1 29 367 57 418
1 48 122 119 454
1 34 94 44 164
1 42 299 125 403
2 81 89 97 229
2 1 453 71 502
2 22 198 76 393
2 14 32 131 418
1 11 131 140 493
1 84 217 117 303
1 14 288 122 388
2 36 257 116 304
2 83 327 117 410
1 14 100 14 343
1 84 210 133 453
1 28 228 92 437
2 82 290 107 475
2 49 135 90 399
2 43 161 124 206
2 47 129 60 342
1 3 211 143 464
2 25 95 97 122
1 15 80 110 177
2 93 14 143 209
2 69 8 112 103
2 20 182 37 479
2 16 15 36 259
1 89 194 102 510
1 62 175 120 374
1 24 247 103 440
2 22 94 145 373
2 60 57 126 152
1 76 296 135 496
1 3 96 18 506
2 34 349 47 402
2 68 264 121 292
1 113 378 129 518
2 38 88 78 205
1 66 68 131 317
2 39 117 41 293
2 38 215 47 285
1 37 215 38 216
1 31 17 129 464
1 12 323 90 424
1 95 143 122 191
2 5 14 112 85
1 20 304 49 324
2 25 263 141 467
2 83 271 133 426
1 13 110 123 344
1 24 107 45 356
2 79 188 108 315
1 112 154 138 496
1 30 1 65 338
2 32 181 117 392
2 99 345 140 396
2 133 13 143 123
1 112 150 121 298
1 26 146 84 275
2 12 376 111 508
1 117 5 140 149
2 19 151 49 466
2 99 45 115 222
1 6 102 44 342
2 32 47 59 96
2 94 107 123 108
2 82 356 89 503
1 13 137 99 339
1 47 156 72 175
2 94 106 127 130
2 71 304 81 424
2 10 279 44 376
2 79 360 79 499
2 88 148 106 473
2 4 187 105 492
2 79 8 82 329
2 113 20 131 173
2 31 240 39 407
1 66 144 79 451
1 48 189 146 305
2 76 311 112 366
2 4 33 56 312
1 127 60 132 469
1 22 15 49 200
1 59 168 106 294
1 62 172 64 422
2 62 129 123 355
1 53 249 117 420
1 80 327 89 440
2 59 64 102 99
2 102 62 102 453
2 18 189 130 334
2 19 432 89 468
2 68 287 125 355
1 22 229 54 292
1 117 150 123 167
2 13 303 109 322
2 16 189 53 321
1 37 248 47 445
2 12 209 104 283
1 2 216 18 286
2 6 312 20 365
2 84 294 131 376
1 26 262 39 349
1 77 230 134 434
2 59 174 92 258
1 50 31 130 475
2 8 227 44 241
1 1 126 131 348
2 63 149 118 322
2 67 196 133 215
2 79 387 121 499
1 13 201 87 262
2 15 12 70 484
1 4 384 146 477
2 14 95 133 130
2 57 463 129 519
2 21 379 43 457
2 52 191 61 343
1 84 372 131 427
1 76 235 80 356
2 18 91 90 223
2 120 81 137 429
2 87 326 115 486
2 91 164 95 427
1 47 373 63 396
2 65 276 138 404
1 51 467 104 492
1 41 84 118 347
2 96 122 129 339
2 51 79 60 184
2 73 26 142 151
1 31 379 138 492
1 101 395 146 487
1 64 142 133 458
1 58 20 110 335
2 87 242 139 406
1 38 194 68 396
2 54 417 129 509
1 58 222 144 482
2 89 88 130 131
1 52 139 65 192
1 31 26 52 145
1 88 292 93 385
1 36 51 85 72
1 23 92 121 491
2 49 175 65 210
2 21 254 94 424
2 83 101 146 357
1 26 196 143 442
2 85 59 113 398
1 48 111 70 401
1 36 98 98 160
1 47 99 117 332
2 81 179 120 459
1 98 259 126 296
2 72 361 133 396
2 100 82 119 113
2 12 135 71 486
1 120 431 129 469
2 75 61 113 148
1 18 42 101 128
1 18 39 70 517
2 76 149 129 271
1 4 49 45 137
1 28 164 47 375
1 113 142 124 296
2 16 169 85 191
2 8 126 62 260
2 47 7 138 333
2 61 9 72 489
1 17 222 100 472
2 48 127 63 325
1 40 34 117 393
2 26 51 35 292
2 61 199 63 364
2 97 412 143 437
2 141 153 142 156
1 4 406 66 427
1 24 157 35 209
2 122 189 136 356
1 83 38 123 201
1 76 68 101 412
2 10 271 24 315
1 2 205 87 464
1 22 79 100 364
2 70 165 115 229
2 86 120 129 257
2 6 313 48 503
1 14 66 119 209
1 14 436 34 464
1 26 77 69 406
2 38 317 97 519
1 49 159 85 378
2 98 138 140 156
1 4 464 145 503
1 34 82 71 112
1 81 52 82 149
1 83 105 99 408
1 4 204 80 337
1 60 213 131 414
2 52 136 73 143
1 87 55 107 292
1 95 157 118 261
2 53 71 73 438
2 30 294 50 443
1 29 121 84 252
1 8 133 85 286
1 34 42 75 377
2 2 125 29 350
2 93 28 144 296
1 5 43 60 518
1 89 93 132 214
2 35 244 132 258
1 15 129 47 258
2 101 6 109 222
1 33 259 103 463
1 81 368 123 369
2 139 409 139 434
2 78 120 146 455
1 114 30 137 474
2 94 355 143 385
2 5 204 106 428
2 27 234 122 479
1 4 127 81 502
2 63 215 101 385
2 20 4 62 53
1 82 118 145 298
1 5 84 28 306
2 6 96 122 299
1 30 211 59 321
1 1 173 65 275
2 62 53 130 136
